TABLE NO.  1
 ID          TIME        WT          DV          IPRED       CL          V           KA          ALAG1       ETA1        ETA2        ETA3        DV          PRED        RES         WRES
  1.0000E+00  0.0000E+00  7.0000E+01  0.0000E+00  1.7506E-01  1.0761E+01  4.4922E+01  1.0000E+00  0.0000E+00  7.3382E-02 -1.0710E-01  0.0000E+00  0.0000E+00  2.4941E-01  0.0000E+00  0.0000E+00
  1.0000E+00  1.0000E+00  1.4000E+02  3.3084E-01  1.5290E+00  1.8098E+01  4.4922E+01  1.6818E+00  0.0000E+00  7.3382E-02 -1.0710E-01  0.0000E+00  3.3084E-01  1.4990E+00 -1.1682E+00 -9.6720E+00
  1.0000E+00  2.0000E+00  1.4000E+02  1.4110E+00  1.2847E+00  1.8098E+01  4.4922E+01  1.6818E+00  0.0000E+00  7.3382E-02 -1.0710E-01  0.0000E+00  1.4110E+00  1.3166E+00  9.4455E-02  5.9400E+00
  1.0000E+00  4.0000E+00  1.5000E+02  6.8333E-01  5.9031E-01  1.9060E+01  4.4922E+01  1.7711E+00  0.0000E+00  7.3382E-02 -1.0710E-01  0.0000E+00  6.8333E-01  6.8839E-01 -5.0567E-03  1.7662E+00
  1.0000E+00  8.0000E+00  1.5000E+02  1.1210E-01  1.0868E-01  1.9060E+01  4.4922E+01  1.7711E+00  0.0000E+00  7.3382E-02 -1.0710E-01  0.0000E+00  1.1210E-01  1.6752E-01 -5.5417E-02 -4.8304E+00
  1.0000E+00  1.1000E+01  1.5000E+02  2.8884E-02  3.0436E-02  1.9060E+01  4.4922E+01  1.7711E+00  0.0000E+00  7.3382E-02 -1.0710E-01  0.0000E+00  2.8884E-02  5.7884E-02 -2.9000E-02 -5.4830E+00
  1.0000E+00  1.2000E+01  1.5000E+02  0.0000E+00  1.9912E-02  1.9060E+01  4.4922E+01  1.7711E+00  0.0000E+00  7.3382E-02 -1.0710E-01  0.0000E+00  0.0000E+00  4.0618E-02  0.0000E+00  0.0000E+00
  1.0000E+00  1.3000E+01  7.5000E+01  1.6936E-01  1.2689E+00  1.1333E+01  4.4922E+01  1.0531E+00  0.0000E+00  7.3382E-02 -1.0710E-01  0.0000E+00  1.6936E-01  1.1860E+00 -1.0166E+00 -9.7751E+00
  1.0000E+00  1.4000E+01  7.5000E+01  1.2941E+00  1.4232E+00  1.1333E+01  4.4922E+01  1.0531E+00  0.0000E+00  7.3382E-02 -1.0710E-01  0.0000E+00  1.2941E+00  1.3630E+00 -6.8878E-02  5.3618E+00
  1.0000E+00  1.6000E+01  7.5000E+01  1.1992E+00  1.0310E+00  1.1333E+01  4.4922E+01  1.0531E+00  0.0000E+00  7.3382E-02 -1.0710E-01  0.0000E+00  1.1992E+00  1.0571E+00  1.4211E-01  7.4002E+00
  1.0000E+00  2.0000E+01  8.0000E+01  3.7871E-01  3.7202E-01  1.1895E+01  4.4922E+01  1.1053E+00  0.0000E+00  7.3382E-02 -1.0710E-01  0.0000E+00  3.7871E-01  4.5143E-01 -7.2718E-02 -1.1629E+00
  1.0000E+00  2.4000E+01  8.0000E+01  1.1645E-01  1.2917E-01  1.1895E+01  4.4922E+01  1.1053E+00  0.0000E+00  7.3382E-02 -1.0710E-01  0.0000E+00  1.1645E-01  1.8663E-01 -7.0180E-02 -5.2442E+00
  2.0000E+00  0.0000E+00  7.0000E+01  0.0000E+00  4.4870E-01  8.6701E+00  6.4997E+01  1.0000E+00  0.0000E+00 -1.4270E-01  2.6232E-01  0.0000E+00  0.0000E+00  2.4941E-01  0.0000E+00  0.0000E+00
  2.0000E+00  1.0000E+00  1.4000E+02  1.1898E+00  1.4468E+00  1.4581E+01  6.4997E+01  1.6818E+00  0.0000E+00 -1.4270E-01  2.6232E-01  0.0000E+00  1.1898E+00  1.4990E+00 -3.0922E-01 -2.4384E+00
  2.0000E+00  2.0000E+00  1.4000E+02  1.4225E+00  1.3586E+00  1.4581E+01  6.4997E+01  1.6818E+00  0.0000E+00 -1.4270E-01  2.6232E-01  0.0000E+00  1.4225E+00  1.3166E+00  1.0595E-01  1.0492E+00
  2.0000E+00  4.0000E+00  1.5000E+02  1.0182E+00  8.8350E-01  1.5356E+01  6.4997E+01  1.7711E+00  0.0000E+00 -1.4270E-01  2.6232E-01  0.0000E+00  1.0182E+00  6.8839E-01  3.2986E-01  2.0489E+00
  2.0000E+00  8.0000E+00  1.5000E+02  3.3594E-01  3.4409E-01  1.5356E+01  6.4997E+01  1.7711E+00  0.0000E+00 -1.4270E-01  2.6232E-01  0.0000E+00  3.3594E-01  1.6752E-01  1.6843E-01 -1.4218E+00
  2.0000E+00  1.1000E+01  1.5000E+02  1.5946E-01  1.6938E-01  1.5356E+01  6.4997E+01  1.7711E+00  0.0000E+00 -1.4270E-01  2.6232E-01  0.0000E+00  1.5946E-01  5.7884E-02  1.0158E-01  1.2371E+00
  2.0000E+00  1.2000E+01  1.5000E+02  0.0000E+00  1.3374E-01  1.5356E+01  6.4997E+01  1.7711E+00  0.0000E+00 -1.4270E-01  2.6232E-01  0.0000E+00  0.0000E+00  4.0618E-02  0.0000E+00  0.0000E+00
  2.0000E+00  1.3000E+01  7.5000E+01  7.4688E-01  1.0396E+00  9.1306E+00  6.4997E+01  1.0531E+00  0.0000E+00 -1.4270E-01  2.6232E-01  0.0000E+00  7.4688E-01  1.1860E+00 -4.3910E-01 -2.9630E+00
  2.0000E+00  1.4000E+01  7.5000E+01  1.2093E+00  1.2254E+00  9.1306E+00  6.4997E+01  1.0531E+00  0.0000E+00 -1.4270E-01  2.6232E-01  0.0000E+00  1.2093E+00  1.3630E+00 -1.5369E-01  8.9521E-01
  2.0000E+00  1.6000E+01  7.5000E+01  1.2150E+00  1.0621E+00  9.1306E+00  6.4997E+01  1.0531E+00  0.0000E+00 -1.4270E-01  2.6232E-01  0.0000E+00  1.2150E+00  1.0571E+00  1.5793E-01  2.6491E+00
  2.0000E+00  2.0000E+01  8.0000E+01  6.5785E-01  6.0316E-01  9.5834E+00  6.4997E+01  1.1053E+00  0.0000E+00 -1.4270E-01  2.6232E-01  0.0000E+00  6.5785E-01  4.5143E-01  2.0642E-01 -6.6108E-02
  2.0000E+00  2.4000E+01  8.0000E+01  3.2518E-01  3.3459E-01  9.5834E+00  6.4997E+01  1.1053E+00  0.0000E+00 -1.4270E-01  2.6232E-01  0.0000E+00  3.2518E-01  1.8663E-01  1.3855E-01 -2.7172E+00
  3.0000E+00  0.0000E+00  7.0000E+01  0.0000E+00  3.4242E-01  1.0109E+01  6.6744E+01  1.0000E+00  0.0000E+00  1.0829E-02  2.8884E-01  0.0000E+00  0.0000E+00  2.4941E-01  0.0000E+00  0.0000E+00
  3.0000E+00  1.0000E+00  1.4000E+02  6.6912E-01  1.3056E+00  1.7001E+01  6.6744E+01  1.6818E+00  0.0000E+00  1.0829E-02  2.8884E-01  0.0000E+00  6.6912E-01  1.4990E+00 -8.2988E-01 -5.7199E+00
  3.0000E+00  2.0000E+00  1.4000E+02  1.4184E+00  1.2055E+00  1.7001E+01  6.6744E+01  1.6818E+00  0.0000E+00  1.0829E-02  2.8884E-01  0.0000E+00  1.4184E+00  1.3166E+00  1.0188E-01  4.4987E+00
  3.0000E+00  4.0000E+00  1.5000E+02  9.1783E-01  7.3894E-01  1.7904E+01  6.6744E+01  1.7711E+00  0.0000E+00  1.0829E-02  2.8884E-01  0.0000E+00  9.1783E-01  6.8839E-01  2.2944E-01  3.0785E+00
  3.0000E+00  8.0000E+00  1.5000E+02  2.4362E-01  2.5331E-01  1.7904E+01  6.6744E+01  1.7711E+00  0.0000E+00  1.0829E-02  2.8884E-01  0.0000E+00  2.4362E-01  1.6752E-01  7.6107E-02 -4.2200E+00
  3.0000E+00  1.1000E+01  1.5000E+02  1.0128E-01  1.1328E-01  1.7904E+01  6.6744E+01  1.7711E+00  0.0000E+00  1.0829E-02  2.8884E-01  0.0000E+00  1.0128E-01  5.7884E-02  4.3397E-02 -4.0192E+00
  3.0000E+00  1.2000E+01  1.5000E+02  0.0000E+00  8.6628E-02  1.7904E+01  6.6744E+01  1.7711E+00  0.0000E+00  1.0829E-02  2.8884E-01  0.0000E+00  0.0000E+00  4.0618E-02  0.0000E+00  0.0000E+00
  3.0000E+00  1.3000E+01  7.5000E+01  3.3328E-01  9.6327E-01  1.0646E+01  6.6744E+01  1.0531E+00  0.0000E+00  1.0829E-02  2.8884E-01  0.0000E+00  3.3328E-01  1.1860E+00 -8.5269E-01 -6.1869E+00
  3.0000E+00  1.4000E+01  7.5000E+01  9.8812E-01  1.1315E+00  1.0646E+01  6.6744E+01  1.0531E+00  0.0000E+00  1.0829E-02  2.8884E-01  0.0000E+00  9.8812E-01  1.3630E+00 -3.7487E-01  1.2782E+00
  3.0000E+00  1.6000E+01  7.5000E+01  1.0749E+00  9.5252E-01  1.0646E+01  6.6744E+01  1.0531E+00  0.0000E+00  1.0829E-02  2.8884E-01  0.0000E+00  1.0749E+00  1.0571E+00  1.7828E-02  3.6557E+00
  3.0000E+00  2.0000E+01  8.0000E+01  5.6341E-01  5.0065E-01  1.1174E+01  6.6744E+01  1.1053E+00  0.0000E+00  1.0829E-02  2.8884E-01  0.0000E+00  5.6341E-01  4.5143E-01  1.1198E-01  2.2418E-01
  3.0000E+00  2.4000E+01  8.0000E+01  2.4011E-01  2.5644E-01  1.1174E+01  6.6744E+01  1.1053E+00  0.0000E+00  1.0829E-02  2.8884E-01  0.0000E+00  2.4011E-01  1.8663E-01  5.3487E-02 -4.7223E+00
  4.0000E+00  0.0000E+00  7.0000E+01  0.0000E+00  3.8343E-01  7.6976E+00  4.3880E+01  1.0000E+00  0.0000E+00 -2.6168E-01 -1.3056E-01  0.0000E+00  0.0000E+00  2.4941E-01  0.0000E+00  0.0000E+00
  4.0000E+00  1.0000E+00  1.4000E+02  1.5206E+00  1.8290E+00  1.2946E+01  4.3880E+01  1.6818E+00  0.0000E+00 -2.6168E-01 -1.3056E-01  0.0000E+00  1.5206E+00  1.4990E+00  2.1631E-02 -2.6261E+00
  4.0000E+00  2.0000E+00  1.4000E+02  1.8022E+00  1.6488E+00  1.2946E+01  4.3880E+01  1.6818E+00  0.0000E+00 -2.6168E-01 -1.3056E-01  0.0000E+00  1.8022E+00  1.3166E+00  4.8564E-01  3.0353E+00
  4.0000E+00  4.0000E+00  1.5000E+02  9.9611E-01  9.3437E-01  1.3633E+01  4.3880E+01  1.7711E+00  0.0000E+00 -2.6168E-01 -1.3056E-01  0.0000E+00  9.9611E-01  6.8839E-01  3.0772E-01  8.0122E-01
  4.0000E+00  8.0000E+00  1.5000E+02  2.8815E-01  2.7044E-01  1.3633E+01  4.3880E+01  1.7711E+00  0.0000E+00 -2.6168E-01 -1.3056E-01  0.0000E+00  2.8815E-01  1.6752E-01  1.2064E-01 -3.0878E-01
  4.0000E+00  1.1000E+01  1.5000E+02  9.9193E-02  1.0648E-01  1.3633E+01  4.3880E+01  1.7711E+00  0.0000E+00 -2.6168E-01 -1.3056E-01  0.0000E+00  9.9193E-02  5.7884E-02  4.1309E-02 -2.6557E+00
  4.0000E+00  1.2000E+01  1.5000E+02  0.0000E+00  7.8045E-02  1.3633E+01  4.3880E+01  1.7711E+00  0.0000E+00 -2.6168E-01 -1.3056E-01  0.0000E+00  0.0000E+00  4.0618E-02  0.0000E+00  0.0000E+00
  4.0000E+00  1.3000E+01  7.5000E+01  9.6366E-01  1.3983E+00  8.1064E+00  4.3880E+01  1.0531E+00  0.0000E+00 -2.6168E-01 -1.3056E-01  0.0000E+00  9.6366E-01  1.1860E+00 -2.2231E-01 -5.1293E+00
  4.0000E+00  1.4000E+01  7.5000E+01  1.7285E+00  1.6276E+00  8.1064E+00  4.3880E+01  1.0531E+00  0.0000E+00 -2.6168E-01 -1.3056E-01  0.0000E+00  1.7285E+00  1.3630E+00  3.6555E-01  3.1554E+00
  4.0000E+00  1.6000E+01  7.5000E+01  1.5310E+00  1.3163E+00  8.1064E+00  4.3880E+01  1.0531E+00  0.0000E+00 -2.6168E-01 -1.3056E-01  0.0000E+00  1.5310E+00  1.0571E+00  4.7398E-01  4.6757E+00
  4.0000E+00  2.0000E+01  8.0000E+01  6.2249E-01  6.2443E-01  8.5084E+00  4.3880E+01  1.1053E+00  0.0000E+00 -2.6168E-01 -1.3056E-01  0.0000E+00  6.2249E-01  4.5143E-01  1.7105E-01 -1.2174E+00
  4.0000E+00  2.4000E+01  8.0000E+01  2.7562E-01  2.8773E-01  8.5084E+00  4.3880E+01  1.1053E+00  0.0000E+00 -2.6168E-01 -1.3056E-01  0.0000E+00  2.7562E-01  1.8663E-01  8.8997E-02 -2.7090E+00
  5.0000E+00  0.0000E+00  7.0000E+01  0.0000E+00  1.6638E-01  1.2605E+01  5.6118E+01  1.0000E+00  0.0000E+00  2.3152E-01  1.1544E-01  0.0000E+00  0.0000E+00  2.4941E-01  0.0000E+00  0.0000E+00
  5.0000E+00  1.0000E+00  1.4000E+02  5.1964E-01  1.2616E+00  2.1199E+01  5.6118E+01  1.6818E+00  0.0000E+00  2.3152E-01  1.1544E-01  0.0000E+00  5.1964E-01  1.4990E+00 -9.7935E-01 -6.6807E+00
  5.0000E+00  2.0000E+00  1.4000E+02  1.3072E+00  1.0782E+00  2.1199E+01  5.6118E+01  1.6818E+00  0.0000E+00  2.3152E-01  1.1544E-01  0.0000E+00  1.3072E+00  1.3166E+00 -9.3204E-03  5.2073E+00
  5.0000E+00  4.0000E+00  1.5000E+02  6.1511E-01  5.2019E-01  2.2325E+01  5.6118E+01  1.7711E+00  0.0000E+00  2.3152E-01  1.1544E-01  0.0000E+00  6.1511E-01  6.8839E-01 -7.3279E-02  1.3826E+00
  5.0000E+00  8.0000E+00  1.5000E+02  1.1289E-01  1.0641E-01  2.2325E+01  5.6118E+01  1.7711E+00  0.0000E+00  2.3152E-01  1.1544E-01  0.0000E+00  1.1289E-01  1.6752E-01 -5.4624E-02 -3.2156E+00
  5.0000E+00  1.1000E+01  1.5000E+02  2.9059E-02  3.2261E-02  2.2325E+01  5.6118E+01  1.7711E+00  0.0000E+00  2.3152E-01  1.1544E-01  0.0000E+00  2.9059E-02  5.7884E-02 -2.8825E-02 -4.3040E+00
  5.0000E+00  1.2000E+01  1.5000E+02  0.0000E+00  2.1672E-02  2.2325E+01  5.6118E+01  1.7711E+00  0.0000E+00  2.3152E-01  1.1544E-01  0.0000E+00  0.0000E+00  4.0618E-02  0.0000E+00  0.0000E+00
  5.0000E+00  1.3000E+01  7.5000E+01  2.8866E-01  1.0294E+00  1.3275E+01  5.6118E+01  1.0531E+00  0.0000E+00  2.3152E-01  1.1544E-01  0.0000E+00  2.8866E-01  1.1860E+00 -8.9731E-01 -7.5797E+00
  5.0000E+00  1.4000E+01  7.5000E+01  1.1154E+00  1.1657E+00  1.3275E+01  5.6118E+01  1.0531E+00  0.0000E+00  2.3152E-01  1.1544E-01  0.0000E+00  1.1154E+00  1.3630E+00 -2.4759E-01  3.1544E+00
  5.0000E+00  1.6000E+01  7.5000E+01  9.7110E-01  8.6657E-01  1.3275E+01  5.6118E+01  1.0531E+00  0.0000E+00  2.3152E-01  1.1544E-01  0.0000E+00  9.7110E-01  1.0571E+00 -8.5966E-02  3.9826E+00
  5.0000E+00  2.0000E+01  8.0000E+01  3.3088E-01  3.3320E-01  1.3933E+01  5.6118E+01  1.1053E+00  0.0000E+00  2.3152E-01  1.1544E-01  0.0000E+00  3.3088E-01  4.5143E-01 -1.2055E-01 -1.5900E+00
  5.0000E+00  2.4000E+01  8.0000E+01  1.1331E-01  1.2357E-01  1.3933E+01  5.6118E+01  1.1053E+00  0.0000E+00  2.3152E-01  1.1544E-01  0.0000E+00  1.1331E-01  1.8663E-01 -7.3315E-02 -3.9874E+00
  6.0000E+00  0.0000E+00  7.0000E+01  0.0000E+00  2.4099E-01  9.5762E+00  4.5362E+01  1.0000E+00  0.0000E+00 -4.3299E-02 -9.7349E-02  0.0000E+00  0.0000E+00  2.4941E-01  0.0000E+00  0.0000E+00
  6.0000E+00  1.0000E+00  1.4000E+02  1.2017E+00  1.6084E+00  1.6105E+01  4.5362E+01  1.6818E+00  0.0000E+00 -4.3299E-02 -9.7349E-02  0.0000E+00  1.2017E+00  1.4990E+00 -2.9731E-01 -3.6892E+00
  6.0000E+00  2.0000E+00  1.4000E+02  1.5462E+00  1.3955E+00  1.6105E+01  4.5362E+01  1.6818E+00  0.0000E+00 -4.3299E-02 -9.7349E-02  0.0000E+00  1.5462E+00  1.3166E+00  2.2962E-01  3.0115E+00
  6.0000E+00  4.0000E+00  1.5000E+02  8.3381E-01  7.0364E-01  1.6961E+01  4.5362E+01  1.7711E+00  0.0000E+00 -4.3299E-02 -9.7349E-02  0.0000E+00  8.3381E-01  6.8839E-01  1.4542E-01  2.1470E+00
  6.0000E+00  8.0000E+00  1.5000E+02  1.5421E-01  1.5832E-01  1.6961E+01  4.5362E+01  1.7711E+00  0.0000E+00 -4.3299E-02 -9.7349E-02  0.0000E+00  1.5421E-01  1.6752E-01 -1.3303E-02 -3.2502E+00
  6.0000E+00  1.1000E+01  1.5000E+02  4.7273E-02  5.1572E-02  1.6961E+01  4.5362E+01  1.7711E+00  0.0000E+00 -4.3299E-02 -9.7349E-02  0.0000E+00  4.7273E-02  5.7884E-02 -1.0611E-02 -3.4425E+00
  6.0000E+00  1.2000E+01  1.5000E+02  0.0000E+00  3.5484E-02  1.6961E+01  4.5362E+01  1.7711E+00  0.0000E+00 -4.3299E-02 -9.7349E-02  0.0000E+00  0.0000E+00  4.0618E-02  0.0000E+00  0.0000E+00
  6.0000E+00  1.3000E+01  7.5000E+01  8.2607E-01  1.2909E+00  1.0085E+01  4.5362E+01  1.0531E+00  0.0000E+00 -4.3299E-02 -9.7349E-02  0.0000E+00  8.2607E-01  1.1860E+00 -3.5990E-01 -5.0449E+00
  6.0000E+00  1.4000E+01  7.5000E+01  1.5624E+00  1.4740E+00  1.0085E+01  4.5362E+01  1.0531E+00  0.0000E+00 -4.3299E-02 -9.7349E-02  0.0000E+00  1.5624E+00  1.3630E+00  1.9940E-01  3.4439E+00
  6.0000E+00  1.6000E+01  7.5000E+01  1.2038E+00  1.1216E+00  1.0085E+01  4.5362E+01  1.0531E+00  0.0000E+00 -4.3299E-02 -9.7349E-02  0.0000E+00  1.2038E+00  1.0571E+00  1.4671E-01  2.3941E+00
  6.0000E+00  2.0000E+01  8.0000E+01  4.9596E-01  4.5680E-01  1.0585E+01  4.5362E+01  1.1053E+00  0.0000E+00 -4.3299E-02 -9.7349E-02  0.0000E+00  4.9596E-01  4.5143E-01  4.4525E-02 -1.5943E-02
  6.0000E+00  2.4000E+01  8.0000E+01  1.7537E-01  1.7982E-01  1.0585E+01  4.5362E+01  1.1053E+00  0.0000E+00 -4.3299E-02 -9.7349E-02  0.0000E+00  1.7537E-01  1.8663E-01 -1.1258E-02 -2.8935E+00
  7.0000E+00  0.0000E+00  7.0000E+01  0.0000E+00  2.9351E-01  1.0497E+01  6.2099E+01  1.0000E+00  0.0000E+00  4.8517E-02  2.1671E-01  0.0000E+00  0.0000E+00  2.4941E-01  0.0000E+00  0.0000E+00
  7.0000E+00  1.0000E+00  1.4000E+02  3.2411E-01  1.3187E+00  1.7654E+01  6.2099E+01  1.6818E+00  0.0000E+00  4.8517E-02  2.1671E-01  0.0000E+00  3.2411E-01  1.4990E+00 -1.1749E+00 -8.4928E+00
  7.0000E+00  2.0000E+00  1.4000E+02  1.2645E+00  1.1967E+00  1.7654E+01  6.2099E+01  1.6818E+00  0.0000E+00  4.8517E-02  2.1671E-01  0.0000E+00  1.2645E+00  1.3166E+00 -5.2010E-02  4.1457E+00
  7.0000E+00  4.0000E+00  1.5000E+02  7.5207E-01  6.9246E-01  1.8592E+01  6.2099E+01  1.7711E+00  0.0000E+00  4.8517E-02  2.1671E-01  0.0000E+00  7.5207E-01  6.8839E-01  6.3682E-02  1.0405E+00
  7.0000E+00  8.0000E+00  1.5000E+02  2.1437E-01  2.0966E-01  1.8592E+01  6.2099E+01  1.7711E+00  0.0000E+00  4.8517E-02  2.1671E-01  0.0000E+00  2.1437E-01  1.6752E-01  4.6856E-02 -3.9386E+00
  7.0000E+00  1.1000E+01  1.5000E+02  7.2861E-02  8.5401E-02  1.8592E+01  6.2099E+01  1.7711E+00  0.0000E+00  4.8517E-02  2.1671E-01  0.0000E+00  7.2861E-02  5.7884E-02  1.4977E-02 -6.7391E+00
  7.0000E+00  1.2000E+01  1.5000E+02  0.0000E+00  6.3306E-02  1.8592E+01  6.2099E+01  1.7711E+00  0.0000E+00  4.8517E-02  2.1671E-01  0.0000E+00  0.0000E+00  4.0618E-02  0.0000E+00  0.0000E+00
  7.0000E+00  1.3000E+01  7.5000E+01  1.3474E-01  9.9883E-01  1.1055E+01  6.2099E+01  1.0531E+00  0.0000E+00  4.8517E-02  2.1671E-01  0.0000E+00  1.3474E-01  1.1860E+00 -1.0512E+00 -7.9170E+00
  7.0000E+00  1.4000E+01  7.5000E+01  1.0797E+00  1.1659E+00  1.1055E+01  6.2099E+01  1.0531E+00  0.0000E+00  4.8517E-02  2.1671E-01  0.0000E+00  1.0797E+00  1.3630E+00 -2.8333E-01  4.2013E+00
  7.0000E+00  1.6000E+01  7.5000E+01  1.0607E+00  9.5316E-01  1.1055E+01  6.2099E+01  1.0531E+00  0.0000E+00  4.8517E-02  2.1671E-01  0.0000E+00  1.0607E+00  1.0571E+00  3.5950E-03  5.3226E+00
  7.0000E+00  2.0000E+01  8.0000E+01  5.3753E-01  4.6467E-01  1.1603E+01  6.2099E+01  1.1053E+00  0.0000E+00  4.8517E-02  2.1671E-01  0.0000E+00  5.3753E-01  4.5143E-01  8.6103E-02  1.6752E+00
  7.0000E+00  2.4000E+01  8.0000E+01  2.2669E-01  2.2023E-01  1.1603E+01  6.2099E+01  1.1053E+00  0.0000E+00  4.8517E-02  2.1671E-01  0.0000E+00  2.2669E-01  1.8663E-01  4.0060E-02 -3.0965E+00
  8.0000E+00  0.0000E+00  7.0000E+01  0.0000E+00  4.5144E-01  8.5335E+00  6.3246E+01  1.0000E+00  0.0000E+00 -1.5859E-01  2.3500E-01  0.0000E+00  0.0000E+00  2.4941E-01  0.0000E+00  0.0000E+00
  8.0000E+00  1.0000E+00  1.4000E+02  1.1958E+00  1.4765E+00  1.4352E+01  6.3246E+01  1.6818E+00  0.0000E+00 -1.5859E-01  2.3500E-01  0.0000E+00  1.1958E+00  1.4990E+00 -3.0315E-01 -2.7647E+00
  8.0000E+00  2.0000E+00  1.4000E+02  1.5531E+00  1.3845E+00  1.4352E+01  6.3246E+01  1.6818E+00  0.0000E+00 -1.5859E-01  2.3500E-01  0.0000E+00  1.5531E+00  1.3166E+00  2.3654E-01  2.6443E+00
  8.0000E+00  4.0000E+00  1.5000E+02  9.5973E-01  8.9584E-01  1.5114E+01  6.3246E+01  1.7711E+00  0.0000E+00 -1.5859E-01  2.3500E-01  0.0000E+00  9.5973E-01  6.8839E-01  2.7134E-01  3.4351E-01
  8.0000E+00  8.0000E+00  1.5000E+02  3.7145E-01  3.4513E-01  1.5114E+01  6.3246E+01  1.7711E+00  0.0000E+00 -1.5859E-01  2.3500E-01  0.0000E+00  3.7145E-01  1.6752E-01  2.0393E-01  1.5940E+00
  8.0000E+00  1.1000E+01  1.5000E+02  1.4673E-01  1.6852E-01  1.5114E+01  6.3246E+01  1.7711E+00  0.0000E+00 -1.5859E-01  2.3500E-01  0.0000E+00  1.4673E-01  5.7884E-02  8.8845E-02 -1.2514E+00
  8.0000E+00  1.2000E+01  1.5000E+02  0.0000E+00  1.3270E-01  1.5114E+01  6.3246E+01  1.7711E+00  0.0000E+00 -1.5859E-01  2.3500E-01  0.0000E+00  0.0000E+00  4.0618E-02  0.0000E+00  0.0000E+00
  8.0000E+00  1.3000E+01  7.5000E+01  7.9555E-01  1.0632E+00  8.9867E+00  6.3246E+01  1.0531E+00  0.0000E+00 -1.5859E-01  2.3500E-01  0.0000E+00  7.9555E-01  1.1860E+00 -3.9042E-01 -2.6534E+00
  8.0000E+00  1.4000E+01  7.5000E+01  1.1989E+00  1.2531E+00  8.9867E+00  6.3246E+01  1.0531E+00  0.0000E+00 -1.5859E-01  2.3500E-01  0.0000E+00  1.1989E+00  1.3630E+00 -1.6406E-01  2.9250E-01
  8.0000E+00  1.6000E+01  7.5000E+01  1.2605E+00  1.0834E+00  8.9867E+00  6.3246E+01  1.0531E+00  0.0000E+00 -1.5859E-01  2.3500E-01  0.0000E+00  1.2605E+00  1.0571E+00  2.0343E-01  3.1407E+00
  8.0000E+00  2.0000E+01  8.0000E+01  6.1494E-01  6.1123E-01  9.4323E+00  6.3246E+01  1.1053E+00  0.0000E+00 -1.5859E-01  2.3500E-01  0.0000E+00  6.1494E-01  4.5143E-01  1.6351E-01 -1.8924E+00
  8.0000E+00  2.4000E+01  8.0000E+01  3.4588E-01  3.3678E-01  9.4323E+00  6.3246E+01  1.1053E+00  0.0000E+00 -1.5859E-01  2.3500E-01  0.0000E+00  3.4588E-01  1.8663E-01  1.5925E-01 -1.0583E+00
