TABLE NO.  1
 ID          TIME        IPRED       DV          PRED        RES         WRES
  1.0000E+00  0.0000E+00  0.0000E+00  0.0000E+00  0.0000E+00  0.0000E+00  0.0000E+00
  1.0000E+00  5.0000E-01  2.5653E-01  0.0000E+00  2.5653E-01 -2.5653E-01 -1.0000E+01
  1.0000E+00  1.0000E+00  3.6520E-01  0.0000E+00  3.6520E-01 -3.6520E-01 -1.0000E+01
  1.0000E+00  2.0000E+00  4.1193E-01  0.0000E+00  4.1193E-01 -4.1193E-01 -1.0000E+01
  1.0000E+00  4.0000E+00  3.5777E-01  0.0000E+00  3.5777E-01 -3.5777E-01 -1.0000E+01
  1.0000E+00  8.0000E+00  2.4071E-01  0.0000E+00  2.4071E-01 -2.4071E-01 -1.0000E+01
  1.0000E+00  1.2000E+01  1.6135E-01  0.0000E+00  1.6135E-01 -1.6135E-01 -1.0000E+01
  1.0000E+00  2.4000E+01  4.8599E-02  0.0000E+00  4.8599E-02 -4.8599E-02 -1.0000E+01
