TABLE NO.  1
 ID          TIME        IPRED       DV          PRED        RES         WRES
  1.0000E+00  0.0000E+00  0.0000E+00  0.0000E+00  0.0000E+00  0.0000E+00  0.0000E+00
  1.0000E+00  5.0000E-01  5.1307E-01  0.0000E+00  5.1307E-01 -5.1307E-01 -1.0000E+01
  1.0000E+00  1.0000E+00  7.3040E-01  0.0000E+00  7.3040E-01 -7.3040E-01 -1.0000E+01
  1.0000E+00  2.0000E+00  8.2387E-01  0.0000E+00  8.2387E-01 -8.2387E-01 -1.0000E+01
  1.0000E+00  4.0000E+00  7.1554E-01  0.0000E+00  7.1554E-01 -7.1554E-01 -1.0000E+01
  1.0000E+00  8.0000E+00  4.8142E-01  0.0000E+00  4.8142E-01 -4.8142E-01 -1.0000E+01
  1.0000E+00  1.2000E+01  3.2271E-01  0.0000E+00  3.2271E-01 -3.2271E-01 -1.0000E+01
  1.0000E+00  2.4000E+01  9.7198E-02  0.0000E+00  9.7198E-02 -9.7198E-02 -1.0000E+01
