TABLE NO.  1
 ID                      TIME                    IPRED                   ETA1                    ETA2                    DV                      PRED                    RES                     WRES
  1.0000000000000000E+00  0.0000000000000000E+00  5.1623292475054914E+00  1.9974975032983736E-01 -3.1949969762312687E-02  0.0000000000000000E+00  4.9999999999999982E+00  0.0000000000000000E+00  0.0000000000000000E+00
  1.0000000000000000E+00  1.0000000000000000E+00  4.5563627636168880E+00  1.9974975032983736E-01 -3.1949969762312687E-02  4.7006969999999999E+00  4.5241870901797965E+00  1.7650990982020343E-01  2.5475790394488140E-01
  1.0000000000000000E+00  4.0000000000000000E+00  3.1328245700086348E+00  1.9974975032983736E-01 -3.1949969762312687E-02  2.8349400000000000E+00  3.3516002301781964E+00 -5.1666023017819640E-01 -1.0213438361322864E+00
  1.0000000000000000E+00  1.1500000000000000E+01  1.2280909522274255E+00  1.9974975032983736E-01 -3.1949969762312687E-02  1.4077090000000001E+00  1.5831838468952670E+00 -1.7547484689526693E-01  8.4990899906167172E-01
  1.0000000000000000E+00  1.2000000000000000E+01  6.3160928355569439E+00  1.9974975032983736E-01 -3.1949969762312687E-02  0.0000000000000000E+00  6.5059710595610092E+00  0.0000000000000000E+00  0.0000000000000000E+00
  1.0000000000000000E+00  1.3000000000000000E+01  5.5746948378748202E+00  1.9974975032983736E-01 -3.1949969762312687E-02  6.2365089999999999E+00  5.8868460553498601E+00  3.4966294465013981E-01  9.7204469181862108E-01
  1.0000000000000000E+00  1.6000000000000000E+01  3.8330005454901501E+00  1.9974975032983736E-01 -3.1949969762312687E-02  3.8833340000000001E+00  4.3610828201514744E+00 -4.7774882015147435E-01 -7.0226826897910766E-02
  1.0000000000000000E+00  2.3500000000000000E+01  1.5025652361333035E+00  1.9974975032983736E-01 -3.1949969762312687E-02  1.3324520000000000E+00  2.0600296579730157E+00 -7.2757765797301577E-01 -7.6674122381490428E-01
  1.0000000000000000E+00  2.4000000000000000E+01  6.5739551983182123E+00  1.9974975032983736E-01 -3.1949969762312687E-02  0.0000000000000000E+00  6.9595608260080724E+00  0.0000000000000000E+00  0.0000000000000000E+00
  1.0000000000000000E+00  2.5000000000000000E+01  5.8022887032586379E+00  1.9974975032983736E-01 -3.1949969762312687E-02  5.4636339999999999E+00  6.2972710484693550E+00 -8.3363704846935516E-01 -6.3153740418018045E-01
  1.0000000000000000E+00  3.0000000000000000E+01  3.1078661371700544E+00  1.9974975032983736E-01 -3.1949969762312687E-02  2.9625800000000000E+00  3.8194879634173859E+00 -8.5690796341738595E-01 -4.8755489351511616E-01
  1.0000000000000000E+00  4.8000000000000000E+01  3.2837417740144820E-01  1.9974975032983736E-01 -3.1949969762312687E-02  3.3534399999999998E-01  6.3135711392862681E-01 -2.9601311392862684E-01  4.7167942044714217E-01
  2.0000000000000000E+00  0.0000000000000000E+00  7.2863020899612092E+00 -3.1081112943510320E-01 -3.7655824699481949E-01  0.0000000000000000E+00  4.9999999999999982E+00  0.0000000000000000E+00  0.0000000000000000E+00
  2.0000000000000000E+00  1.0000000000000000E+00  6.5658657486190473E+00 -3.1081112943510320E-01 -3.7655824699481949E-01  6.8402690000000002E+00  4.5241870901797965E+00  2.3160819098202037E+00  7.6368903703407909E-01
  2.0000000000000000E+00  4.0000000000000000E+00  4.8044809389790686E+00 -3.1081112943510320E-01 -3.7655824699481949E-01  5.5663729999999996E+00  3.3516002301781964E+00  2.2147727698218032E+00  2.4446675941211273E+00
  2.0000000000000000E+00  1.1500000000000000E+01  2.2005572172176975E+00 -3.1081112943510320E-01 -3.7655824699481949E-01  2.1574629999999999E+00  1.5831838468952670E+00  5.7427915310473288E-01  3.4530133285592768E-01
  2.0000000000000000E+00  1.2000000000000000E+01  9.3752378182058571E+00 -3.1081112943510320E-01 -3.7655824699481949E-01  0.0000000000000000E+00  6.5059710595610092E+00  0.0000000000000000E+00  0.0000000000000000E+00
  2.0000000000000000E+00  1.3000000000000000E+01  8.4482570329503748E+00 -3.1081112943510320E-01 -3.7655824699481949E-01  9.5253189999999996E+00  5.8868460553498601E+00  3.6384729446501396E+00  2.2954045414791535E+00
  2.0000000000000000E+00  1.6000000000000000E+01  6.1818945796969480E+00 -3.1081112943510320E-01 -3.7655824699481949E-01  5.2106469999999998E+00  4.3610828201514744E+00  8.4956417984852539E-01 -1.5594890901155973E+00
  2.0000000000000000E+00  2.3500000000000000E+01  2.8314427523406498E+00 -3.1081112943510320E-01 -3.7655824699481949E-01  2.5413299999999999E+00  2.0600296579730157E+00  4.8130034202698413E-01 -3.5511918476217630E-01
  2.0000000000000000E+00  2.4000000000000000E+01  9.9741221936902420E+00 -3.1081112943510320E-01 -3.7655824699481949E-01  0.0000000000000000E+00  6.9595608260080724E+00  0.0000000000000000E+00  0.0000000000000000E+00
  2.0000000000000000E+00  2.5000000000000000E+01  8.9879264509660857E+00 -3.1081112943510320E-01 -3.7655824699481949E-01  8.7576499999999999E+00  6.2972710484693550E+00  2.4603789515306449E+00  2.9825867606226208E-01
  2.0000000000000000E+00  3.0000000000000000E+01  5.3405211200160707E+00 -3.1081112943510320E-01 -3.7655824699481949E-01  4.9860470000000001E+00  3.8194879634173859E+00  1.1665590365826142E+00 -1.0797395410737590E-01
  2.0000000000000000E+00  4.8000000000000000E+01  8.1980487045726280E-01 -3.1081112943510320E-01 -3.7655824699481949E-01  8.9523399999999997E-01  6.3135711392862681E-01  2.6387688607137316E-01  1.8074912668544370E+00
  3.0000000000000000E+00  0.0000000000000000E+00  8.0944490609903088E+00  1.7525731266035183E+00 -4.8174061320584199E-01  0.0000000000000000E+00  4.9999999999999982E+00  0.0000000000000000E+00  0.0000000000000000E+00
  3.0000000000000000E+00  1.0000000000000000E+00  4.8112404033437706E+00  1.7525731266035183E+00 -4.8174061320584199E-01  4.1480269999999999E+00  4.5241870901797965E+00 -3.7616009017979657E-01  4.6130387907555187E-01
  3.0000000000000000E+00  4.0000000000000000E+00  1.0103372106101711E+00  1.7525731266035183E+00 -4.8174061320584199E-01  1.0014600000000000E+00  3.3516002301781964E+00 -2.3501402301781962E+00 -3.7060563837116156E+00
  3.0000000000000000E+00  1.1500000000000000E+01  2.0416889318524322E-02  1.7525731266035183E+00 -4.8174061320584199E-01  2.0410000000000001E-02  1.5831838468952670E+00 -1.5627738468952670E+00 -1.9448933129232464E+00
  3.0000000000000000E+00  1.2000000000000000E+01  8.1101897760082924E+00  1.7525731266035183E+00 -4.8174061320584199E-01  0.0000000000000000E+00  6.5059710595610092E+00  0.0000000000000000E+00  0.0000000000000000E+00
  3.0000000000000000E+00  1.3000000000000000E+01  4.8205964896569231E+00  1.7525731266035183E+00 -4.8174061320584199E-01  5.1828500000000002E+00  5.8868460553498601E+00 -7.0399605534985987E-01  1.5018232659060087E+00
  3.0000000000000000E+00  1.6000000000000000E+01  1.0123019434764169E+00  1.7525731266035183E+00 -4.8174061320584199E-01  9.1528500000000002E-01  4.3610828201514744E+00 -3.4457978201514745E+00 -3.1287486192167266E+00
  3.0000000000000000E+00  2.3500000000000000E+01  2.0456592630497147E-02  1.7525731266035183E+00 -4.8174061320584199E-01  2.0212999999999998E-02  2.0600296579730157E+00 -2.0398166579730157E+00 -5.9164370652219611E-01
  3.0000000000000000E+00  2.4000000000000000E+01  8.1102203858876560E+00  1.7525731266035183E+00 -4.8174061320584199E-01  0.0000000000000000E+00  6.9595608260080724E+00  0.0000000000000000E+00  0.0000000000000000E+00
  3.0000000000000000E+00  2.5000000000000000E+01  4.8206146837906099E+00  1.7525731266035183E+00 -4.8174061320584199E-01  5.2292779999999999E+00  6.2972710484693550E+00 -1.0679930484693552E+00  1.7125779805592480E+00
  3.0000000000000000E+00  3.0000000000000000E+01  3.5764424146782769E-01  1.7525731266035183E+00 -4.8174061320584199E-01  3.3306000000000002E-01  3.8194879634173859E+00 -3.4864279634173858E+00 -2.2994805351489442E+00
  3.0000000000000000E+00  4.8000000000000000E+01  3.0669520032720418E-05  1.7525731266035183E+00 -4.8174061320584199E-01  3.1999999999999999E-05  6.3135711392862681E-01 -6.3132511392862678E-01  3.9057293666290329E+00
  4.0000000000000000E+00  0.0000000000000000E+00  4.6586989561562273E+00  4.2221628048725984E-01  7.0701697236325467E-02  0.0000000000000000E+00  4.9999999999999982E+00  0.0000000000000000E+00  0.0000000000000000E+00
  4.0000000000000000E+00  1.0000000000000000E+00  4.0649599415798567E+00  4.2221628048725984E-01  7.0701697236325467E-02  4.3353000000000002E+00  4.5241870901797965E+00 -1.8888709017979632E-01  7.1803412739537176E-01
  4.0000000000000000E+00  4.0000000000000000E+00  2.7004188978605854E+00  4.2221628048725984E-01  7.0701697236325467E-02  2.4425539999999999E+00  3.3516002301781964E+00 -9.0904623017819652E-01 -9.0366389990736917E-01
  4.0000000000000000E+00  1.1500000000000000E+01  9.7133337107315421E-01  4.2221628048725984E-01  7.0701697236325467E-02  1.0283210000000000E+00  1.5831838468952670E+00 -5.5486284689526699E-01 -1.0817791459440762E-01
  4.0000000000000000E+00  1.2000000000000000E+01  5.5660265542891958E+00  4.2221628048725984E-01  7.0701697236325467E-02  0.0000000000000000E+00  6.5059710595610092E+00  0.0000000000000000E+00  0.0000000000000000E+00
  4.0000000000000000E+00  1.3000000000000000E+01  4.8566510070492290E+00  4.2221628048725984E-01  7.0701697236325467E-02  3.6386669999999999E+00  5.8868460553498601E+00 -2.2481790553498602E+00 -2.1244326103569224E+00
  4.0000000000000000E+00  1.6000000000000000E+01  3.2263521284916301E+00  4.2221628048725984E-01  7.0701697236325467E-02  3.5867580000000001E+00  4.3610828201514744E+00 -7.7432482015147430E-01  4.4744627620234440E-01
  4.0000000000000000E+00  2.3500000000000000E+01  1.1605101311206323E+00  4.2221628048725984E-01  7.0701697236325467E-02  9.4425300000000001E-01  2.0600296579730157E+00 -1.1157766579730157E+00 -1.2970481330035128E+00
  4.0000000000000000E+00  2.4000000000000000E+01  5.7427375583874243E+00  4.2221628048725984E-01  7.0701697236325467E-02  0.0000000000000000E+00  6.9595608260080724E+00  0.0000000000000000E+00  0.0000000000000000E+00
  4.0000000000000000E+00  2.5000000000000000E+01  5.0108406552011946E+00  4.2221628048725984E-01  7.0701697236325467E-02  5.4223390000000000E+00  6.2972710484693550E+00 -8.7493204846935502E-01  4.4492264628993256E-01
  4.0000000000000000E+00  3.0000000000000000E+01  2.5343623397288564E+00  4.2221628048725984E-01  7.0701697236325467E-02  2.7854380000000001E+00  3.8194879634173859E+00 -1.0340499634173859E+00  1.8056789096214682E-01
  4.0000000000000000E+00  4.8000000000000000E+01  2.1783011303493732E-01  4.2221628048725984E-01  7.0701697236325467E-02  2.2372000000000000E-01  6.3135711392862681E-01 -4.0763711392862678E-01  2.5788435916349517E-01
  5.0000000000000000E+00  0.0000000000000000E+00  4.2945804410145714E+00 -8.5399205632908273E-02  1.5208404721421812E-01  0.0000000000000000E+00  4.9999999999999982E+00  0.0000000000000000E+00  0.0000000000000000E+00
  5.0000000000000000E+00  1.0000000000000000E+00  3.9694937711180858E+00 -8.5399205632908273E-02  1.5208404721421812E-01  4.1753439999999999E+00  4.5241870901797965E+00 -3.4884309017979653E-01  1.2537746152356710E-01
  5.0000000000000000E+00  4.0000000000000000E+00  3.1345721714194803E+00 -8.5399205632908273E-02  1.5208404721421812E-01  3.5604740000000001E+00  3.3516002301781964E+00  2.0887376982180372E-01  1.0522722913170424E+00
  5.0000000000000000E+00  1.1500000000000000E+01  1.7369453155663925E+00 -8.5399205632908273E-02  1.5208404721421812E-01  1.5209919999999999E+00  1.5831838468952670E+00 -6.2191846895267133E-02 -1.1531130391779985E+00
  5.0000000000000000E+00  1.2000000000000000E+01  5.9644914860042038E+00 -8.5399205632908273E-02  1.5208404721421812E-01  0.0000000000000000E+00  6.5059710595610092E+00  0.0000000000000000E+00  0.0000000000000000E+00
  5.0000000000000000E+00  1.3000000000000000E+01  5.5129976319612757E+00 -8.5399205632908273E-02  1.5208404721421812E-01  5.1976560000000003E+00  5.8868460553498601E+00 -6.8919005534985978E-01 -6.9381435776849365E-01
  5.0000000000000000E+00  1.6000000000000000E+01  4.3534238758560413E+00 -8.5399205632908273E-02  1.5208404721421812E-01  4.4407540000000001E+00  4.3610828201514744E+00  7.9671179848525675E-02  1.9019117669098501E-01
  5.0000000000000000E+00  2.3500000000000000E+01  2.4123417150158541E+00 -8.5399205632908273E-02  1.5208404721421812E-01  2.5072280000000000E+00  2.0600296579730157E+00  4.4719834202698427E-01  6.9862514625100747E-01
  5.0000000000000000E+00  2.4000000000000000E+01  6.6138221799985093E+00 -8.5399205632908273E-02  1.5208404721421812E-01  0.0000000000000000E+00  6.9595608260080724E+00  0.0000000000000000E+00  0.0000000000000000E+00
  5.0000000000000000E+00  2.5000000000000000E+01  6.1131759684968134E+00 -8.5399205632908273E-02  1.5208404721421812E-01  5.9352830000000001E+00  6.2972710484693550E+00 -3.6198804846935495E-01 -3.0839592932129306E-01
  5.0000000000000000E+00  3.0000000000000000E+01  4.1241913964234254E+00 -8.5399205632908273E-02  1.5208404721421812E-01  3.8278509999999999E+00  3.8194879634173859E+00  8.3630365826139474E-03 -4.5298028161157688E-01
  5.0000000000000000E+00  4.8000000000000000E+01  9.9999471545090013E-01 -8.5399205632908273E-02  1.5208404721421812E-01  1.0624910000000001E+00  6.3135711392862681E-01  4.3113388607137326E-01  1.4521810967002413E+00
  6.0000000000000000E+00  0.0000000000000000E+00  5.1468652109825390E+00 -3.4059219936766033E-01 -2.8949920013783537E-02  0.0000000000000000E+00  4.9999999999999982E+00  0.0000000000000000E+00  0.0000000000000000E+00
  6.0000000000000000E+00  1.0000000000000000E+00  4.7940650711855106E+00 -3.4059219936766033E-01 -2.8949920013783537E-02  4.6533579999999999E+00  4.5241870901797965E+00  1.2917090982020341E-01 -2.0818560123573193E-02
  6.0000000000000000E+00  4.0000000000000000E+00  3.8742470730307330E+00 -3.4059219936766033E-01 -2.8949920013783537E-02  3.8874270000000002E+00  3.3516002301781964E+00  5.3582676982180377E-01  4.8922792098980455E-02
  6.0000000000000000E+00  1.1500000000000000E+01  2.2745515616433907E+00 -3.4059219936766033E-01 -2.8949920013783537E-02  2.0376249999999998E+00  1.5831838468952670E+00  4.5444115310473276E-01 -1.7744929161226541E+00
  6.0000000000000000E+00  1.2000000000000000E+01  7.3420766197530005E+00 -3.4059219936766033E-01 -2.8949920013783537E-02  0.0000000000000000E+00  6.5059710595610092E+00  0.0000000000000000E+00  0.0000000000000000E+00
  6.0000000000000000E+00  1.3000000000000000E+01  6.8388021892662421E+00 -3.4059219936766033E-01 -2.8949920013783537E-02  7.5184959999999998E+00  5.8868460553498601E+00  1.6316499446501398E+00  1.3400105556496309E+00
  6.0000000000000000E+00  1.6000000000000000E+01  5.5266686979384243E+00 -3.4059219936766033E-01 -2.8949920013783537E-02  5.4271390000000004E+00  4.3610828201514744E+00  1.0660561798485260E+00 -1.8318412648715629E-01
  6.0000000000000000E+00  2.3500000000000000E+01  3.2446802386683435E+00 -3.4059219936766033E-01 -2.8949920013783537E-02  3.3591340000000001E+00  2.0600296579730157E+00  1.2991043420269843E+00  2.7289238570795260E-01
  6.0000000000000000E+00  2.4000000000000000E+01  8.2783655901564170E+00 -3.4059219936766033E-01 -2.8949920013783537E-02  0.0000000000000000E+00  6.9595608260080724E+00  0.0000000000000000E+00  0.0000000000000000E+00
  6.0000000000000000E+00  2.5000000000000000E+01  7.7109117288689655E+00 -3.4059219936766033E-01 -2.8949920013783537E-02  6.9041280000000000E+00  6.2972710484693550E+00  6.0685695153064501E-01 -9.0567268690119085E-01
  6.0000000000000000E+00  3.0000000000000000E+01  5.4064399050973000E+00 -3.4059219936766033E-01 -2.8949920013783537E-02  6.3687969999999998E+00  3.8194879634173859E+00  2.5493090365826139E+00  2.3985810949214268E+00
  6.0000000000000000E+00  4.8000000000000000E+01  1.5059540278015082E+00 -3.4059219936766033E-01 -2.8949920013783537E-02  1.4776250000000000E+00  6.3135711392862681E-01  8.4626788607137315E-01  6.0681974720235221E-01
  7.0000000000000000E+00  0.0000000000000000E+00  4.0676451138113618E+00 -1.8175359489224496E-01  2.0637367654606736E-01  0.0000000000000000E+00  4.9999999999999982E+00  0.0000000000000000E+00  0.0000000000000000E+00
  7.0000000000000000E+00  1.0000000000000000E+00  3.8030628209884121E+00 -1.8175359489224496E-01  2.0637367654606736E-01  3.7203960000000000E+00  4.5241870901797965E+00 -8.0379109017979644E-01 -3.8557748600712971E-01
  7.0000000000000000E+00  4.0000000000000000E+00  3.1081704792861098E+00 -1.8175359489224496E-01  2.0637367654606736E-01  3.3848980000000002E+00  3.3516002301781964E+00  3.3297769821803769E-02  6.6929074110890985E-01
  7.0000000000000000E+00  1.1500000000000000E+01  1.8768655422770288E+00 -1.8175359489224496E-01  2.0637367654606736E-01  2.0472790000000001E+00  1.5831838468952670E+00  4.6409515310473304E-01  9.0413634582312241E-01
  7.0000000000000000E+00  1.2000000000000000E+01  5.8824434944933186E+00 -1.8175359489224496E-01  2.0637367654606736E-01  0.0000000000000000E+00  6.5059710595610092E+00  0.0000000000000000E+00  0.0000000000000000E+00
  7.0000000000000000E+00  1.3000000000000000E+01  5.4998166075286994E+00 -1.8175359489224496E-01  2.0637367654606736E-01  6.2066520000000001E+00  5.8868460553498601E+00  3.1980594465014001E-01  1.0881406245713925E+00
  7.0000000000000000E+00  1.6000000000000000E+01  4.4948948848984234E+00 -1.8175359489224496E-01  2.0637367654606736E-01  4.4141750000000002E+00  4.3610828201514744E+00  5.3092179848525767E-02 -7.7387909511964809E-02
  7.0000000000000000E+00  2.3500000000000000E+01  2.7142376461798161E+00 -1.8175359489224496E-01  2.0637367654606736E-01  2.5545499999999999E+00  2.0600296579730157E+00  4.9452034202698414E-01 -2.3006239880596824E-01
  7.0000000000000000E+00  2.4000000000000000E+01  6.6921240517629448E+00 -1.8175359489224496E-01  2.0637367654606736E-01  0.0000000000000000E+00  6.9595608260080724E+00  0.0000000000000000E+00  0.0000000000000000E+00
  7.0000000000000000E+00  2.5000000000000000E+01  6.2568310318632836E+00 -1.8175359489224496E-01  2.0637367654606736E-01  5.1916019999999996E+00  6.2972710484693550E+00 -1.1056690484693554E+00 -1.4705145016625405E+00
  7.0000000000000000E+00  3.0000000000000000E+01  4.4699909794026471E+00 -1.8175359489224496E-01  2.0637367654606736E-01  3.9979840000000002E+00  3.8194879634173859E+00  1.7849603658261426E-01 -6.3545495757417081E-01
  7.0000000000000000E+00  4.8000000000000000E+01  1.3320932824623437E+00 -1.8175359489224496E-01  2.0637367654606736E-01  1.4155850000000001E+00  6.3135711392862681E-01  7.8422788607137328E-01  2.4254403619024889E+00
  8.0000000000000000E+00  0.0000000000000000E+00  3.4675895908769991E+00  1.5393408895489755E-01  3.6597820224970884E-01  0.0000000000000000E+00  4.9999999999999982E+00  0.0000000000000000E+00  0.0000000000000000E+00
  8.0000000000000000E+00  1.0000000000000000E+00  3.1996217668163829E+00  1.5393408895489755E-01  3.6597820224970884E-01  3.2573780000000001E+00  4.5241870901797965E+00 -1.2668090901797964E+00 -4.4162598930110386E-01
  8.0000000000000000E+00  4.0000000000000000E+00  2.5136887334738920E+00  1.5393408895489755E-01  3.6597820224970884E-01  2.7370730000000001E+00  3.3516002301781964E+00 -6.1452723017819633E-01  2.6583098244440290E-01
  8.0000000000000000E+00  1.1500000000000000E+01  1.3751296258046146E+00  1.5393408895489755E-01  3.6597820224970884E-01  1.2316510000000001E+00  1.5831838468952670E+00 -3.5153284689526698E-01 -8.9235402983258805E-01
  8.0000000000000000E+00  1.2000000000000000E+01  4.7885174950819938E+00  1.5393408895489755E-01  3.6597820224970884E-01  0.0000000000000000E+00  6.5059710595610092E+00  0.0000000000000000E+00  0.0000000000000000E+00
  8.0000000000000000E+00  1.3000000000000000E+01  4.4184712194185618E+00  1.5393408895489755E-01  3.6597820224970884E-01  4.3147310000000001E+00  5.8868460553498601E+00 -1.5721150553498600E+00 -6.8198824158258886E-01
  8.0000000000000000E+00  1.6000000000000000E+01  3.4712419569773689E+00  1.5393408895489755E-01  3.6597820224970884E-01  3.3375680000000001E+00  4.3610828201514744E+00 -1.0235148201514743E+00 -5.7693986211542780E-01
  8.0000000000000000E+00  2.3500000000000000E+01  1.8989652894607867E+00  1.5393408895489755E-01  3.6597820224970884E-01  1.9906040000000000E+00  2.0600296579730157E+00 -6.9425657973015698E-02  4.5123261203743231E-01
  8.0000000000000000E+00  2.4000000000000000E+01  5.2917057999200239E+00  1.5393408895489755E-01  3.6597820224970884E-01  0.0000000000000000E+00  6.9595608260080724E+00  0.0000000000000000E+00  0.0000000000000000E+00
  8.0000000000000000E+00  2.5000000000000000E+01  4.8827742203281952E+00  1.5393408895489755E-01  3.6597820224970884E-01  4.8859320000000004E+00  6.2972710484693550E+00 -1.4113390484693547E+00 -4.1163092750048036E-01
  8.0000000000000000E+00  3.0000000000000000E+01  3.2660392751548186E+00  1.5393408895489755E-01  3.6597820224970884E-01  3.2405529999999998E+00  3.8194879634173859E+00 -5.7893496341738615E-01 -1.1666861521443135E-01
  8.0000000000000000E+00  4.8000000000000000E+01  7.6788916374901606E-01  1.5393408895489755E-01  3.6597820224970884E-01  7.9736799999999997E-01  6.3135711392862681E-01  1.6601088607137315E-01  8.0505922598608026E-01
  9.0000000000000000E+00  0.0000000000000000E+00  3.4538704626297374E+00 -5.6554926122757831E-01  3.6994243699432100E-01  0.0000000000000000E+00  4.9999999999999982E+00  0.0000000000000000E+00  0.0000000000000000E+00
  9.0000000000000000E+00  1.0000000000000000E+00  3.3319707067255582E+00 -5.6554926122757831E-01  3.6994243699432100E-01  3.3676290000000000E+00  4.5241870901797965E+00 -1.1565580901797965E+00  3.8177115529254979E-01
  9.0000000000000000E+00  4.0000000000000000E+00  2.9914831605971028E+00 -5.6554926122757831E-01  3.6994243699432100E-01  2.9456050000000000E+00  3.3516002301781964E+00 -4.0599523017819639E-01 -6.8917576907894329E-01
  9.0000000000000000E+00  1.1500000000000000E+01  2.2848096910909312E+00 -5.6554926122757831E-01  3.6994243699432100E-01  2.2810440000000001E+00  1.5831838468952670E+00  6.9786015310473304E-01 -2.3395422293080141E+00
  9.0000000000000000E+00  1.2000000000000000E+01  5.6979983197568007E+00 -5.6554926122757831E-01  3.6994243699432100E-01  0.0000000000000000E+00  6.5059710595610092E+00  0.0000000000000000E+00  0.0000000000000000E+00
  9.0000000000000000E+00  1.3000000000000000E+01  5.4968950613005099E+00 -5.6554926122757831E-01  3.6994243699432100E-01  5.2102399999999998E+00  5.8868460553498601E+00 -6.7660605534986029E-01 -6.4042686961345763E-01
  9.0000000000000000E+00  1.6000000000000000E+01  4.9351781449512835E+00 -5.6554926122757831E-01  3.6994243699432100E-01  5.0179239999999998E+00  4.3610828201514744E+00  6.5684117984852541E-01 -4.5306107931811002E-01
  9.0000000000000000E+00  2.3500000000000000E+01  3.7693485964982556E+00 -5.6554926122757831E-01  3.6994243699432100E-01  3.7650730000000001E+00  2.0600296579730157E+00  1.7050433420269844E+00 -9.8734654688617685E-01
  9.0000000000000000E+00  2.4000000000000000E+01  7.1561044918392573E+00 -5.6554926122757831E-01  3.6994243699432100E-01  0.0000000000000000E+00  6.9595608260080724E+00  0.0000000000000000E+00  0.0000000000000000E+00
  9.0000000000000000E+00  2.5000000000000000E+01  6.9035393188779564E+00 -5.6554926122757831E-01  3.6994243699432100E-01  7.4595940000000001E+00  6.2972710484693550E+00  1.1623229515306450E+00  1.1818774425326954E+00
  9.0000000000000000E+00  3.0000000000000000E+01  5.7682948187267531E+00 -5.6554926122757831E-01  3.6994243699432100E-01  5.7221810000000000E+00  3.8194879634173859E+00  1.9026930365826140E+00  1.0587773613441875E-02
  9.0000000000000000E+00  4.8000000000000000E+01  3.0210629612533890E+00 -5.6554926122757831E-01  3.6994243699432100E-01  3.1223730000000001E+00  6.3135711392862681E-01  2.4910158860713731E+00  7.8892162139379955E+00
  1.0000000000000000E+01  0.0000000000000000E+00  3.4731865321578974E+00 -9.3888199402893155E-02  3.6436543088384532E-01  0.0000000000000000E+00  4.9999999999999982E+00  0.0000000000000000E+00  0.0000000000000000E+00
  1.0000000000000000E+01  1.0000000000000000E+00  3.2608085485566143E+00 -9.3888199402893155E-02  3.6436543088384532E-01  3.2445900000000001E+00  4.5241870901797965E+00 -1.2795970901797964E+00 -5.1863345449130116E-01
  1.0000000000000000E+01  4.0000000000000000E+00  2.6984655535898487E+00 -9.3888199402893155E-02  3.6436543088384532E-01  2.5065480000000000E+00  3.3516002301781964E+00 -8.4505223017819642E-01 -9.3285881399336190E-01
  1.0000000000000000E+01  1.1500000000000000E+01  1.6811088051387684E+00 -9.3888199402893155E-02  3.6436543088384532E-01  1.6401859999999999E+00  1.5831838468952670E+00  5.7002153104732889E-02 -4.8957810919043099E-01
  1.0000000000000000E+01  1.2000000000000000E+01  5.1020865165843698E+00 -9.3888199402893155E-02  3.6436543088384532E-01  0.0000000000000000E+00  6.5059710595610092E+00  0.0000000000000000E+00  0.0000000000000000E+00
  1.0000000000000000E+01  1.3000000000000000E+01  4.7901047567454427E+00 -9.3888199402893155E-02  3.6436543088384532E-01  5.5700200000000004E+00  5.8868460553498601E+00 -3.1682605534985964E-01  8.7716650326238366E-01
  1.0000000000000000E+01  1.6000000000000000E+01  3.9640268637930554E+00 -9.3888199402893155E-02  3.6436543088384532E-01  3.9924439999999999E+00  4.3610828201514744E+00 -3.6863882015147453E-01 -1.2564554416753720E-01
  1.0000000000000000E+01  2.3500000000000000E+01  2.4695369765472299E+00 -9.3888199402893155E-02  3.6436543088384532E-01  2.7346610000000000E+00  2.0600296579730157E+00  6.7463134202698427E-01  1.3071438648803457E+00
  1.0000000000000000E+01  2.4000000000000000E+01  5.8660291193492302E+00 -9.3888199402893155E-02  3.6436543088384532E-01  0.0000000000000000E+00  6.9595608260080724E+00  0.0000000000000000E+00  0.0000000000000000E+00
  1.0000000000000000E+01  2.5000000000000000E+01  5.5073338910397469E+00 -9.3888199402893155E-02  3.6436543088384532E-01  5.2738940000000003E+00  6.2972710484693550E+00 -1.0233770484693547E+00 -5.2272817069226762E-01
  1.0000000000000000E+01  3.0000000000000000E+01  4.0172362221735956E+00 -9.3888199402893155E-02  3.6436543088384532E-01  3.2476029999999998E+00  3.8194879634173859E+00 -5.7188496341738615E-01 -1.5814351434126579E+00
  1.0000000000000000E+01  4.8000000000000000E+01  1.2902588190522164E+00 -9.3888199402893155E-02  3.6436543088384532E-01  1.3313269999999999E+00  6.3135711392862681E-01  6.9996988607137312E-01  2.1669628295537211E+00
  1.1000000000000000E+01  0.0000000000000000E+00  6.0894648428325127E+00  9.7884402244189617E-01 -1.9712229068634884E-01  0.0000000000000000E+00  4.9999999999999982E+00  0.0000000000000000E+00  0.0000000000000000E+00
  1.1000000000000000E+01  1.0000000000000000E+00  4.6760759385241046E+00  9.7884402244189617E-01 -1.9712229068634884E-01  4.8760019999999997E+00  4.5241870901797965E+00  3.5181490982020325E-01  1.1690508710783436E+00
  1.1000000000000000E+01  4.0000000000000000E+00  2.1173314055377301E+00  9.7884402244189617E-01 -1.9712229068634884E-01  2.4708060000000001E+00  3.3516002301781964E+00 -8.8079423017819636E-01 -4.9811171812398547E-01
  1.1000000000000000E+01  1.1500000000000000E+01  2.9211714604848493E-01  9.7884402244189617E-01 -1.9712229068634884E-01  2.9842400000000002E-01  1.5831838468952670E+00 -1.2847598468952670E+00 -1.5937350086174145E+00
  1.1000000000000000E+01  1.2000000000000000E+01  6.3454461561909561E+00  9.7884402244189617E-01 -1.9712229068634884E-01  0.0000000000000000E+00  6.5059710595610092E+00  0.0000000000000000E+00  0.0000000000000000E+00
  1.1000000000000000E+01  1.3000000000000000E+01  4.8726429753657916E+00  9.7884402244189617E-01 -1.9712229068634884E-01  4.5100220000000002E+00  5.8868460553498601E+00 -1.3768240553498599E+00 -4.8468422652498411E-01
  1.1000000000000000E+01  1.6000000000000000E+01  2.2063371372388625E+00  9.7884402244189617E-01 -1.9712229068634884E-01  2.0186470000000001E+00  4.3610828201514744E+00 -2.3424358201514743E+00 -1.7689894321937711E+00
  1.1000000000000000E+01  2.3500000000000000E+01  3.0439680158964894E-01  9.7884402244189617E-01 -1.9712229068634884E-01  2.9054300000000000E-01  2.0600296579730157E+00 -1.7694866579730157E+00 -6.7865047114907850E-01
  1.1000000000000000E+01  2.4000000000000000E+01  6.3562067787546681E+00  9.7884402244189617E-01 -1.9712229068634884E-01  0.0000000000000000E+00  6.9595608260080724E+00  0.0000000000000000E+00  0.0000000000000000E+00
  1.1000000000000000E+01  2.5000000000000000E+01  4.8809060148203889E+00  9.7884402244189617E-01 -1.9712229068634884E-01  5.1435399999999998E+00  6.2972710484693550E+00 -1.1537310484693553E+00  6.6648638930408854E-01
  1.1000000000000000E+01  3.0000000000000000E+01  1.3032045419112812E+00  9.7884402244189617E-01 -1.9712229068634884E-01  1.0769540000000000E+00  3.8194879634173859E+00 -2.7425339634173858E+00 -1.6601779390017029E+00
  1.1000000000000000E+01  4.8000000000000000E+01  1.1231979139117759E-02  9.7884402244189617E-01 -1.9712229068634884E-01  1.1720000000000000E-02  6.3135711392862681E-01 -6.1963711392862686E-01  3.1286287806151072E+00
  1.2000000000000000E+01  0.0000000000000000E+00  4.9999634786288523E+00  3.6995797839010486E-01  7.3043009055977578E-06  0.0000000000000000E+00  4.9999999999999982E+00  0.0000000000000000E+00  0.0000000000000000E+00
  1.2000000000000000E+01  1.0000000000000000E+00  4.3459819066485190E+00  3.6995797839010486E-01  7.3043009055977578E-06  4.6048770000000001E+00  4.5241870901797965E+00  8.0689909820203631E-02  6.8039622860156501E-01
  1.2000000000000000E+01  4.0000000000000000E+00  2.8539815374494895E+00  3.6995797839010486E-01  7.3043009055977578E-06  2.6097959999999998E+00  3.3516002301781964E+00 -7.4180423017819663E-01 -9.2300747579692777E-01
  1.2000000000000000E+01  1.1500000000000000E+01  9.9737682512432158E-01  3.6995797839010486E-01  7.3043009055977578E-06  1.0094160000000001E+00  1.5831838468952670E+00 -5.7376784689526694E-01 -4.3188645709245232E-01
  1.2000000000000000E+01  1.2000000000000000E+01  5.9298282912341875E+00  3.6995797839010486E-01  7.3043009055977578E-06  0.0000000000000000E+00  6.5059710595610092E+00  0.0000000000000000E+00  0.0000000000000000E+00
  1.2000000000000000E+01  1.3000000000000000E+01  5.1542229405050550E+00  3.6995797839010486E-01  7.3043009055977578E-06  5.3344810000000003E+00  5.8868460553498601E+00 -5.5236505534985980E-01  1.7933302566689210E-01
  1.2000000000000000E+01  1.6000000000000000E+01  3.3847488158191541E+00  3.6995797839010486E-01  7.3043009055977578E-06  2.9560080000000002E+00  4.3610828201514744E+00 -1.4050748201514742E+00 -1.3000061441019692E+00
  1.2000000000000000E+01  2.3500000000000000E+01  1.1828633028866473E+00  3.6995797839010486E-01  7.3043009055977578E-06  1.2779780000000001E+00  2.0600296579730157E+00 -7.8205165797301568E-01 -3.5318813549070960E-02
  1.2000000000000000E+01  2.4000000000000000E+01  6.1027592683137772E+00  3.6995797839010486E-01  7.3043009055977578E-06  0.0000000000000000E+00  6.9595608260080724E+00  0.0000000000000000E+00  0.0000000000000000E+00
  1.2000000000000000E+01  2.5000000000000000E+01  5.3045350179230777E+00  3.6995797839010486E-01  7.3043009055977578E-06  5.1638820000000001E+00  6.2972710484693550E+00 -1.1333890484693550E+00 -3.7128525867298173E-01
  1.2000000000000000E+01  3.0000000000000000E+01  2.6317990738082280E+00  3.6995797839010486E-01  7.3043009055977578E-06  2.9010980000000002E+00  3.8194879634173859E+00 -9.1838996341738577E-01  2.3020119030992581E-01
  1.2000000000000000E+01  4.8000000000000000E+01  2.1107276636357350E-01  3.6995797839010486E-01  7.3043009055977578E-06  2.0481099999999999E-01  6.3135711392862681E-01 -4.2654611392862685E-01  2.7101465097397170E-01
  1.3000000000000000E+01  0.0000000000000000E+00  3.5244633875655587E+00  4.1580577789902118E-01  3.4970971823595909E-01  0.0000000000000000E+00  4.9999999999999982E+00  0.0000000000000000E+00  0.0000000000000000E+00
  1.3000000000000000E+01  1.0000000000000000E+00  3.1807690007571279E+00  4.1580577789902118E-01  3.4970971823595909E-01  2.5703580000000001E+00  4.5241870901797965E+00 -1.9538290901797963E+00 -1.7833265235534783E+00
  1.3000000000000000E+01  4.0000000000000000E+00  2.3380269365685975E+00  4.1580577789902118E-01  3.4970971823595909E-01  2.7536220000000000E+00  3.3516002301781964E+00 -5.9797823017819640E-01  8.9575327657025139E-01
  1.3000000000000000E+01  1.1500000000000000E+01  1.0830361699783371E+00  4.1580577789902118E-01  3.4970971823595909E-01  1.0896889999999999E+00  1.5831838468952670E+00 -4.9349484689526713E-01  4.8733050056357252E-02
  1.3000000000000000E+01  1.2000000000000000E+01  4.5533381734025928E+00  4.1580577789902118E-01  3.4970971823595909E-01  0.0000000000000000E+00  6.5059710595610092E+00  0.0000000000000000E+00  0.0000000000000000E+00
  1.3000000000000000E+01  1.3000000000000000E+01  4.1093112111818328E+00  4.1580577789902118E-01  3.4970971823595909E-01  3.8375830000000000E+00  5.8868460553498601E+00 -2.0492630553498601E+00 -9.4420298471472797E-01
  1.3000000000000000E+01  1.6000000000000000E+01  3.0205526714450213E+00  4.1580577789902118E-01  3.4970971823595909E-01  3.4288639999999999E+00  4.3610828201514744E+00 -9.3221882015147450E-01  5.9677274999286756E-01
  1.3000000000000000E+01  2.3500000000000000E+01  1.3992002167865820E+00  4.1580577789902118E-01  3.4970971823595909E-01  1.1845619999999999E+00  2.0600296579730157E+00 -8.7546765797301584E-01 -8.3131754556885951E-01
  1.3000000000000000E+01  2.4000000000000000E+01  4.8536912225124027E+00  4.1580577789902118E-01  3.4970971823595909E-01  0.0000000000000000E+00  6.9595608260080724E+00  0.0000000000000000E+00  0.0000000000000000E+00
  1.3000000000000000E+01  2.5000000000000000E+01  4.3803747924526411E+00  4.1580577789902118E-01  3.4970971823595909E-01  4.7554069999999999E+00  6.2972710484693550E+00 -1.5418640484693551E+00  9.6910130665630853E-02
  1.3000000000000000E+01  3.0000000000000000E+01  2.6224481169093532E+00  4.1580577789902118E-01  3.4970971823595909E-01  2.1120079999999999E+00  3.8194879634173859E+00 -1.7074799634173861E+00 -1.3762866327620717E+00
  1.3000000000000000E+01  4.8000000000000000E+01  4.1362919622384658E-01  4.1580577789902118E-01  3.4970971823595909E-01  4.4114999999999999E-01  6.3135711392862681E-01 -1.9020711392862683E-01  4.9725981295254118E-01
  1.4000000000000000E+01  0.0000000000000000E+00  3.5503235669445532E+00  1.3274989838872215E+00  3.4239916748210097E-01  0.0000000000000000E+00  4.9999999999999982E+00  0.0000000000000000E+00  0.0000000000000000E+00
  1.4000000000000000E+01  1.0000000000000000E+00  2.9437860750578944E+00  1.3274989838872215E+00  3.4239916748210097E-01  3.3018269999999998E+00  4.5241870901797965E+00 -1.2223600901797966E+00  3.9509363164413830E-01
  1.4000000000000000E+01  4.0000000000000000E+00  1.6781129182917067E+00  1.3274989838872215E+00  3.4239916748210097E-01  1.7382080000000000E+00  3.3516002301781964E+00 -1.6133922301781964E+00 -6.1081780640142269E-01
  1.4000000000000000E+01  1.1500000000000000E+01  4.1172621110100383E-01  1.3274989838872215E+00  3.4239916748210097E-01  4.3049999999999999E-01  1.5831838468952670E+00 -1.1526838468952669E+00 -5.4292479458964282E-01
  1.4000000000000000E+01  1.2000000000000000E+01  3.9252341253341259E+00  1.3274989838872215E+00  3.4239916748210097E-01  0.0000000000000000E+00  6.5059710595610092E+00  0.0000000000000000E+00  0.0000000000000000E+00
  1.4000000000000000E+01  1.3000000000000000E+01  3.2546468910846493E+00  1.3274989838872215E+00  3.4239916748210097E-01  2.9705480000000000E+00  5.8868460553498601E+00 -2.9162980553498601E+00 -1.0949712177503204E+00
  1.4000000000000000E+01  1.6000000000000000E+01  1.8553199360112058E+00  1.3274989838872215E+00  3.4239916748210097E-01  1.3657090000000001E+00  4.3610828201514744E+00 -2.9953738201514746E+00 -1.8680499760701545E+00
  1.4000000000000000E+01  2.3500000000000000E+01  4.5520408031401888E-01  1.3274989838872215E+00  3.4239916748210097E-01  4.2785400000000001E-01  2.0600296579730157E+00 -1.6321756579730158E+00 -3.9193777853008027E-01
  1.4000000000000000E+01  2.4000000000000000E+01  3.9648242990581921E+00  1.3274989838872215E+00  3.4239916748210097E-01  0.0000000000000000E+00  6.9595608260080724E+00  0.0000000000000000E+00  0.0000000000000000E+00
  1.4000000000000000E+01  2.5000000000000000E+01  3.2874734771465866E+00  1.3274989838872215E+00  3.4239916748210097E-01  3.2067839999999999E+00  6.2972710484693550E+00 -3.0904870484693552E+00 -6.8409609043460706E-01
  1.4000000000000000E+01  3.0000000000000000E+01  1.2884091914391123E+00  1.3274989838872215E+00  3.4239916748210097E-01  1.3155049999999999E+00  3.8194879634173859E+00 -2.5039829634173860E+00 -5.1020614503213202E-01
  1.4000000000000000E+01  4.8000000000000000E+01  4.4212331587625137E-02  1.3274989838872215E+00  3.4239916748210097E-01  4.5855000000000000E-02  6.3135711392862681E-01 -5.8550211392862683E-01  1.3601745976089026E+00
  1.5000000000000000E+01  0.0000000000000000E+00  5.1578527020948748E+00  1.4616510692657275E-01 -3.1082437442972458E-02  0.0000000000000000E+00  4.9999999999999982E+00  0.0000000000000000E+00  0.0000000000000000E+00
  1.5000000000000000E+01  1.0000000000000000E+00  4.5802267156932341E+00  1.4616510692657275E-01 -3.1082437442972458E-02  4.9386150000000004E+00  4.5241870901797965E+00  4.1442790982020394E-01  6.8331783625392939E-01
  1.5000000000000000E+01  4.0000000000000000E+00  3.2073111653985702E+00  1.4616510692657275E-01 -3.1082437442972458E-02  3.0261380000000000E+00  3.3516002301781964E+00 -3.2546223017819642E-01 -6.3333421244118993E-01
  1.5000000000000000E+01  1.1500000000000000E+01  1.3160621456768837E+00  1.4616510692657275E-01 -3.1082437442972458E-02  1.5144290000000000E+00  1.5831838468952670E+00 -6.8754846895267008E-02  1.0808738150720745E+00
  1.5000000000000000E+01  1.2000000000000000E+01  6.3980346847820915E+00  1.4616510692657275E-01 -3.1082437442972458E-02  0.0000000000000000E+00  6.5059710595610092E+00  0.0000000000000000E+00  0.0000000000000000E+00
  1.5000000000000000E+01  1.3000000000000000E+01  5.6815211840518050E+00  1.4616510692657275E-01 -3.1082437442972458E-02  6.0537630000000000E+00  5.8868460553498601E+00  1.6691694465013995E-01  5.3352200131824790E-01
  1.5000000000000000E+01  1.6000000000000000E+01  3.9784943980223550E+00  1.4616510692657275E-01 -3.1082437442972458E-02  3.8796210000000002E+00  4.3610828201514744E+00 -4.8146182015147421E-01 -2.9930985806664168E-01
  1.5000000000000000E+01  2.3500000000000000E+01  1.6325032415038827E+00  1.4616510692657275E-01 -3.1082437442972458E-02  1.4861800000000001E+00  2.0600296579730157E+00 -5.7384965797301568E-01 -5.4111115862209047E-01
  1.5000000000000000E+01  2.4000000000000000E+01  6.6962307440757804E+00  1.4616510692657275E-01 -3.1082437442972458E-02  0.0000000000000000E+00  6.9595608260080724E+00  0.0000000000000000E+00  0.0000000000000000E+00
  1.5000000000000000E+01  2.5000000000000000E+01  5.9463223786917130E+00  1.4616510692657275E-01 -3.1082437442972458E-02  5.5358229999999997E+00  6.2972710484693550E+00 -7.6144804846935532E-01 -6.8828738936527567E-01
  1.5000000000000000E+01  3.0000000000000000E+01  3.2835123313177630E+00  1.4616510692657275E-01 -3.1082437442972458E-02  3.1465169999999998E+00  3.8194879634173859E+00 -6.7297096341738616E-01 -3.4637472798155322E-01
  1.5000000000000000E+01  4.8000000000000000E+01  3.8713583642930371E-01  1.4616510692657275E-01 -3.1082437442972458E-02  3.9510099999999998E-01  6.3135711392862681E-01 -2.3625611392862683E-01  4.6903781557542823E-01
  1.6000000000000000E+01  0.0000000000000000E+00  2.7331650429867711E+00  1.3242217449526783E-01  6.0397761836647657E-01  0.0000000000000000E+00  4.9999999999999982E+00  0.0000000000000000E+00  0.0000000000000000E+00
  1.6000000000000000E+01  1.0000000000000000E+00  2.5685056340540413E+00  1.3242217449526783E-01  6.0397761836647657E-01  2.2913910000000000E+00  4.5241870901797965E+00 -2.2327960901797965E+00 -1.3112501050579515E+00
  1.6000000000000000E+01  4.0000000000000000E+00  2.1316923090704960E+00  1.3242217449526783E-01  6.0397761836647657E-01  2.3013970000000001E+00  3.3516002301781964E+00 -1.0502032301781963E+00 -8.1285326468046773E-02
  1.6000000000000000E+01  1.1500000000000000E+01  1.3376254012977049E+00  1.3242217449526783E-01  6.0397761836647657E-01  1.1731730000000000E+00  1.5831838468952670E+00 -4.1001084689526701E-01 -1.2792950076412370E+00
  1.6000000000000000E+01  1.2000000000000000E+01  4.0298719971907717E+00  1.3242217449526783E-01  6.0397761836647657E-01  0.0000000000000000E+00  6.5059710595610092E+00  0.0000000000000000E+00  0.0000000000000000E+00
  1.6000000000000000E+01  1.3000000000000000E+01  3.7870925342985977E+00  1.3242217449526783E-01  6.0397761836647657E-01  4.3690140000000000E+00  5.8868460553498601E+00 -1.5178320553498601E+00  2.4090529878570230E-01
  1.6000000000000000E+01  1.6000000000000000E+01  3.1430400315535225E+00  1.3242217449526783E-01  6.0397761836647657E-01  2.7966020000000000E+00  4.3610828201514744E+00 -1.5644808201514744E+00 -1.2130553859005377E+00
  1.6000000000000000E+01  2.3500000000000000E+01  1.9722406304194708E+00  1.3242217449526783E-01  6.0397761836647657E-01  2.0863550000000002E+00  2.0600296579730157E+00  2.6325342026984444E-02  4.9277884728084653E-01
  1.6000000000000000E+01  2.4000000000000000E+01  4.6450741158464179E+00  1.3242217449526783E-01  6.0397761836647657E-01  0.0000000000000000E+00  6.9595608260080724E+00  0.0000000000000000E+00  0.0000000000000000E+00
  1.6000000000000000E+01  2.5000000000000000E+01  4.3652318281197431E+00  1.3242217449526783E-01  6.0397761836647657E-01  4.3822530000000004E+00  6.2972710484693550E+00 -1.9150180484693546E+00 -5.0239262727848433E-01
  1.6000000000000000E+01  3.0000000000000000E+01  3.1994891307920943E+00  1.3242217449526783E-01  6.0397761836647657E-01  3.0342500000000001E+00  3.8194879634173859E+00 -7.8523796341738583E-01 -4.4609872849635390E-01
  1.6000000000000000E+01  4.8000000000000000E+01  1.0455495341248788E+00  1.3242217449526783E-01  6.0397761836647657E-01  1.0909590000000000E+00  6.3135711392862681E-01  4.5960188607137320E-01  1.9009402309979246E+00
  1.7000000000000000E+01  0.0000000000000000E+00  6.0106195830190723E+00 -1.0825135590932324E-01 -1.8408992281588402E-01  0.0000000000000000E+00  4.9999999999999982E+00  0.0000000000000000E+00  0.0000000000000000E+00
  1.7000000000000000E+01  1.0000000000000000E+00  5.3976859586287711E+00 -1.0825135590932324E-01 -1.8408992281588402E-01  5.3877870000000003E+00  4.5241870901797965E+00  8.6359990982020385E-01  7.8217470010704304E-01
  1.7000000000000000E+01  4.0000000000000000E+00  3.9090635203056321E+00 -1.0825135590932324E-01 -1.8408992281588402E-01  3.7430490000000001E+00  3.3516002301781964E+00  3.9144876982180365E-01 -8.0044221874539301E-02
  1.7000000000000000E+01  1.1500000000000000E+01  1.7447592642076222E+00 -1.0825135590932324E-01 -1.8408992281588402E-01  1.7633179999999999E+00  1.5831838468952670E+00  1.8013415310473291E-01 -2.4870865461371799E-01
  1.7000000000000000E+01  1.2000000000000000E+01  7.6640263040627365E+00 -1.0825135590932324E-01 -1.8408992281588402E-01  0.0000000000000000E+00  6.5059710595610092E+00  0.0000000000000000E+00  0.0000000000000000E+00
  1.7000000000000000E+01  1.3000000000000000E+01  6.8824863388247026E+00 -1.0825135590932324E-01 -1.8408992281588402E-01  5.5724380000000000E+00  5.8868460553498601E+00 -3.1440805534986005E-01 -1.6293067688072236E+00
  1.7000000000000000E+01  1.6000000000000000E+01  4.9843722814389571E+00 -1.0825135590932324E-01 -1.8408992281588402E-01  4.3959669999999997E+00  4.3610828201514744E+00  3.4884179848525321E-02 -1.1696370684225432E+00
  1.7000000000000000E+01  2.3500000000000000E+01  2.2247092351214492E+00 -1.0825135590932324E-01 -1.8408992281588402E-01  2.4290650000000000E+00  2.0600296579730157E+00  3.6903534202698429E-01  2.3949581748265128E-01
  1.7000000000000000E+01  2.4000000000000000E+01  8.1188469340216916E+00 -1.0825135590932324E-01 -1.8408992281588402E-01  0.0000000000000000E+00  6.9595608260080724E+00  0.0000000000000000E+00  0.0000000000000000E+00
  1.7000000000000000E+01  2.5000000000000000E+01  7.2909265826491216E+00 -1.0825135590932324E-01 -1.8408992281588402E-01  8.4032070000000001E+00  6.2972710484693550E+00  2.1059359515306451E+00  2.0724468525562245E+00
  1.7000000000000000E+01  3.0000000000000000E+01  4.2581855515041758E+00 -1.0825135590932324E-01 -1.8408992281588402E-01  4.9918849999999999E+00  3.8194879634173859E+00  1.1723970365826140E+00  1.4917022617837150E+00
  1.7000000000000000E+01  4.8000000000000000E+01  6.1434915753182739E-01 -1.0825135590932324E-01 -1.8408992281588402E-01  5.6446399999999997E-01  6.3135711392862681E-01 -6.6893113928626846E-02 -1.4092965253063487E+00
  1.8000000000000000E+01  0.0000000000000000E+00  3.8352656608818263E+00 -3.4865093601007047E-01  2.6519920729396135E-01  0.0000000000000000E+00  4.9999999999999982E+00  0.0000000000000000E+00  0.0000000000000000E+00
  1.8000000000000000E+01  1.0000000000000000E+00  3.6394382833262591E+00 -3.4865093601007047E-01  2.6519920729396135E-01  3.5004160000000000E+00  4.5241870901797965E+00 -1.0237710901797965E+00 -4.5216558384654437E-01
  1.8000000000000000E+01  4.0000000000000000E+00  3.1099333418456223E+00 -3.4865093601007047E-01  2.6519920729396135E-01  3.3042490000000000E+00  3.3516002301781964E+00 -4.7351230178196424E-02  2.6715575764994359E-01
  1.8000000000000000E+01  1.1500000000000000E+01  2.0991471511001865E+00 -3.4865093601007047E-01  2.6519920729396135E-01  2.0338430000000001E+00  1.5831838468952670E+00  4.5065915310473303E-01 -1.0051516227603505E+00
  1.8000000000000000E+01  1.2000000000000000E+01  5.8801198118544313E+00 -3.4865093601007047E-01  2.6519920729396135E-01  0.0000000000000000E+00  6.5059710595610092E+00  0.0000000000000000E+00  0.0000000000000000E+00
  1.8000000000000000E+01  1.3000000000000000E+01  5.5798828675893404E+00 -3.4865093601007047E-01  2.6519920729396135E-01  6.6270930000000003E+00  5.8868460553498601E+00  7.4024694465014029E-01  1.5919448888482630E+00
  1.8000000000000000E+01  1.6000000000000000E+01  4.7680610090328130E+00 -3.4865093601007047E-01  2.6519920729396135E-01  3.7105660000000000E+00  4.3610828201514744E+00 -6.5051682015147438E-01 -2.3705573836255827E+00
  1.8000000000000000E+01  2.3500000000000000E+01  3.2183524800062910E+00 -3.4865093601007047E-01  2.6519920729396135E-01  3.4295260000000001E+00  2.0600296579730157E+00  1.3694963420269843E+00  1.0953669385450566E+00
  1.8000000000000000E+01  2.4000000000000000E+01  6.9703776631941148E+00 -3.4865093601007047E-01  2.6519920729396135E-01  0.0000000000000000E+00  6.9595608260080724E+00  0.0000000000000000E+00  0.0000000000000000E+00
  1.8000000000000000E+01  2.5000000000000000E+01  6.6144725189227360E+00 -3.4865093601007047E-01  2.6519920729396135E-01  6.6798140000000004E+00  6.2972710484693550E+00  3.8254295153064533E-01  3.6056053505763280E-01
  1.8000000000000000E+01  3.0000000000000000E+01  5.0896714910135481E+00 -3.4865093601007047E-01  2.6519920729396135E-01  4.4137849999999998E+00  3.8194879634173859E+00  5.9429703658261390E-01 -1.0372517675030557E+00
  1.8000000000000000E+01  4.8000000000000000E+01  1.9814817658166646E+00 -3.4865093601007047E-01  2.6519920729396135E-01  2.1003400000000001E+00  6.3135711392862681E-01  1.4689828860713732E+00  4.7014820936811095E+00
  1.9000000000000000E+01  0.0000000000000000E+00  4.5272002339400252E+00 -2.2491687684987161E-01  9.9334213913594815E-02  0.0000000000000000E+00  4.9999999999999982E+00  0.0000000000000000E+00  0.0000000000000000E+00
  1.9000000000000000E+01  1.0000000000000000E+00  4.2153825448917788E+00 -2.2491687684987161E-01  9.9334213913594815E-02  3.8293770000000000E+00  4.5241870901797965E+00 -6.9481009017979645E-01 -7.0191891145264884E-01
  1.9000000000000000E+01  4.0000000000000000E+00  3.4029758053948669E+00 -2.2491687684987161E-01  9.9334213913594815E-02  2.6823910000000000E+00  3.3516002301781964E+00 -6.6920923017819645E-01 -2.2215344340068794E+00
  1.9000000000000000E+01  1.1500000000000000E+01  1.9925697486793117E+00 -2.2491687684987161E-01  9.9334213913594815E-02  1.8954569999999999E+00  1.5831838468952670E+00  3.1227315310473291E-01 -1.1535228812687668E+00
  1.9000000000000000E+01  1.2000000000000000E+01  6.4499252520489705E+00 -2.2491687684987161E-01  9.9334213913594815E-02  0.0000000000000000E+00  6.5059710595610092E+00  0.0000000000000000E+00  0.0000000000000000E+00
  1.9000000000000000E+01  1.3000000000000000E+01  6.0056770008781832E+00 -2.2491687684987161E-01  9.9334213913594815E-02  6.2125199999999996E+00  5.8868460553498601E+00  3.2567394465013955E-01  2.8771569208295417E-01
  1.9000000000000000E+01  1.6000000000000000E+01  4.8482369776310650E+00 -2.2491687684987161E-01  9.9334213913594815E-02  5.5706059999999997E+00  4.3610828201514744E+00  1.2095231798485253E+00  1.3419592773697562E+00
  1.9000000000000000E+01  2.3500000000000000E+01  2.8388242786625155E+00 -2.2491687684987161E-01  9.9334213913594815E-02  2.9275579999999999E+00  2.0600296579730157E+00  8.6752834202698415E-01 -1.2156202240632952E-01
  1.9000000000000000E+01  2.4000000000000000E+01  7.2665163689045782E+00 -2.2491687684987161E-01  9.9334213913594815E-02  0.0000000000000000E+00  6.9595608260080724E+00  0.0000000000000000E+00  0.0000000000000000E+00
  1.9000000000000000E+01  2.5000000000000000E+01  6.7660241828960244E+00 -2.2491687684987161E-01  9.9334213913594815E-02  7.1358620000000004E+00  6.2972710484693550E+00  8.3859095153064533E-01  5.5645682632281324E-01
  1.9000000000000000E+01  3.0000000000000000E+01  4.7355452755256753E+00 -2.2491687684987161E-01  9.9334213913594815E-02  5.3583720000000001E+00  3.8194879634173859E+00  1.5388840365826142E+00  1.2493723890167598E+00
  1.9000000000000000E+01  4.8000000000000000E+01  1.3106936761595740E+00 -2.2491687684987161E-01  9.9334213913594815E-02  1.2282420000000001E+00  6.3135711392862681E-01  5.9688488607137324E-01 -3.3865582978539610E-01
  2.0000000000000000E+01  0.0000000000000000E+00  1.0566593175792844E+01 -2.5092460819611969E-02 -7.4825952478455326E-01  0.0000000000000000E+00  4.9999999999999982E+00  0.0000000000000000E+00  0.0000000000000000E+00
  2.0000000000000000E+01  1.0000000000000000E+00  8.5989061826147903E+00 -2.5092460819611969E-02 -7.4825952478455326E-01  8.0959710000000005E+00  4.5241870901797965E+00  3.5717839098202040E+00  1.8443865332308844E+00
  2.0000000000000000E+01  4.0000000000000000E+00  4.6341264670294837E+00 -2.5092460819611969E-02 -7.4825952478455326E-01  4.7139069999999998E+00  3.3516002301781964E+00  1.3623067698218034E+00 -1.8067264041132661E-01
  2.0000000000000000E+01  1.1500000000000000E+01  9.8805144858928351E-01 -2.5092460819611969E-02 -7.4825952478455326E-01  1.0070079999999999E+00  1.5831838468952670E+00 -5.7617584689526713E-01 -2.4843554711731812E+00
  2.0000000000000000E+01  1.2000000000000000E+01  1.1457913215711587E+01 -2.5092460819611969E-02 -7.4825952478455326E-01  0.0000000000000000E+00  6.5059710595610092E+00  0.0000000000000000E+00  0.0000000000000000E+00
  2.0000000000000000E+01  1.3000000000000000E+01  9.3242466281525402E+00 -2.5092460819611969E-02 -7.4825952478455326E-01  8.8356169999999992E+00  5.8868460553498601E+00  2.9487709446501391E+00  8.8919436550574582E-01
  2.0000000000000000E+01  1.6000000000000000E+01  5.0250272728865522E+00 -2.5092460819611969E-02 -7.4825952478455326E-01  5.2258750000000003E+00  4.3610828201514744E+00  8.6479217984852585E-01 -3.8883398159176130E-01
  2.0000000000000000E+01  2.3500000000000000E+01  1.0713961976438711E+00 -2.5092460819611969E-02 -7.4825952478455326E-01  9.6661100000000000E-01  2.0600296579730157E+00 -1.0934186579730159E+00 -2.2043164066284886E+00
  2.0000000000000000E+01  2.4000000000000000E+01  1.1533098414984781E+01 -2.5092460819611969E-02 -7.4825952478455326E-01  0.0000000000000000E+00  6.9595608260080724E+00  0.0000000000000000E+00  0.0000000000000000E+00
  2.0000000000000000E+01  2.5000000000000000E+01  9.3854310103006569E+00 -2.5092460819611969E-02 -7.4825952478455326E-01  1.0184279999999999E+01  6.2972710484693550E+00  3.8870089515306443E+00  2.8205136190557769E+00
  2.0000000000000000E+01  3.0000000000000000E+01  3.3496184500643937E+00 -2.5092460819611969E-02 -7.4825952478455326E-01  3.9015089999999999E+00  3.8194879634173859E+00  8.2021036582613949E-02 -3.6746513243870071E-02
  2.0000000000000000E+01  4.8000000000000000E+01  8.2062239753345964E-02 -2.5092460819611969E-02 -7.4825952478455326E-01  8.1742999999999996E-02  6.3135711392862681E-01 -5.4961411392862680E-01  2.4212708106642888E+00
  2.1000000000000000E+01  0.0000000000000000E+00  5.4207947260682552E+00  4.1524309296577533E-01 -8.0804520694435306E-02  0.0000000000000000E+00  4.9999999999999982E+00  0.0000000000000000E+00  0.0000000000000000E+00
  2.1000000000000000E+01  1.0000000000000000E+00  4.6297496937280451E+00  4.1524309296577533E-01 -8.0804520694435306E-02  4.8736660000000001E+00  4.5241870901797965E+00  3.4947890982020358E-01  6.8168057198256360E-01
  2.1000000000000000E+01  4.0000000000000000E+00  2.8843048561212785E+00  4.1524309296577533E-01 -8.0804520694435306E-02  3.3512450000000000E+00  3.3516002301781964E+00 -3.5523017819638625E-04  9.5889141386178189E-01
  2.1000000000000000E+01  1.1500000000000000E+01  8.8358896820492228E-01  4.1524309296577533E-01 -8.0804520694435306E-02  8.0810999999999999E-01  1.5831838468952670E+00 -7.7507384689526704E-01 -1.0148773298131097E+00
  2.1000000000000000E+01  1.2000000000000000E+01  6.2373725094333272E+00  4.1524309296577533E-01 -8.0804520694435306E-02  0.0000000000000000E+00  6.5059710595610092E+00  0.0000000000000000E+00  0.0000000000000000E+00
  2.1000000000000000E+01  1.3000000000000000E+01  5.3271660198359383E+00  4.1524309296577533E-01 -8.0804520694435306E-02  5.3830489999999998E+00  5.8868460553498601E+00 -5.0379705534986030E-01  1.5895484178826080E-02
  2.1000000000000000E+01  1.6000000000000000E+01  3.3187908281936638E+00  4.1524309296577533E-01 -8.0804520694435306E-02  3.0269550000000001E+00  4.3610828201514744E+00 -1.3341278201514744E+00 -1.0753168028745703E+00
  2.1000000000000000E+01  2.3500000000000000E+01  1.0166910607067594E+00  4.1524309296577533E-01 -8.0804520694435306E-02  1.0388820000000001E+00  2.0600296579730157E+00 -1.0211476579730157E+00 -2.0113088019337522E-01
  2.1000000000000000E+01  2.4000000000000000E+01  6.3603801697453504E+00  4.1524309296577533E-01 -8.0804520694435306E-02  0.0000000000000000E+00  6.9595608260080724E+00  0.0000000000000000E+00  0.0000000000000000E+00
  2.1000000000000000E+01  2.5000000000000000E+01  5.4322234341883266E+00  4.1524309296577533E-01 -8.0804520694435306E-02  4.9914959999999997E+00  6.2972710484693550E+00 -1.3057750484693553E+00 -7.2568694785366672E-01
  2.1000000000000000E+01  3.0000000000000000E+01  2.4685980064225932E+00  4.1524309296577533E-01 -8.0804520694435306E-02  2.4302540000000001E+00  3.8194879634173859E+00 -1.3892339634173858E+00 -4.6737135728532136E-01
  2.1000000000000000E+01  4.8000000000000000E+01  1.4432855751076032E-01  4.1524309296577533E-01 -8.0804520694435306E-02  1.5045300000000000E-01  6.3135711392862681E-01 -4.8090411392862681E-01  1.2882565171984006E+00
  2.2000000000000000E+01  0.0000000000000000E+00  3.0614553205618806E+00  2.8132730733476208E-01  4.9054751457438267E-01  0.0000000000000000E+00  4.9999999999999982E+00  0.0000000000000000E+00  0.0000000000000000E+00
  2.2000000000000000E+01  1.0000000000000000E+00  2.8271998388622652E+00  2.8132730733476208E-01  4.9054751457438267E-01  2.5680610000000001E+00  4.5241870901797965E+00 -1.9561260901797963E+00 -1.1369940026795671E+00
  2.2000000000000000E+01  4.0000000000000000E+00  2.2266002459490712E+00  2.8132730733476208E-01  4.9054751457438267E-01  2.3290000000000002E+00  3.3516002301781964E+00 -1.0226002301781962E+00 -1.2176390054081503E-01
  2.2000000000000000E+01  1.1500000000000000E+01  1.2256221918069543E+00  2.8132730733476208E-01  4.9054751457438267E-01  1.2688320000000000E+00  1.5831838468952670E+00 -3.1435184689526707E-01  6.5251930396036315E-02
  2.2000000000000000E+01  1.2000000000000000E+01  4.2392535763215262E+00  2.8132730733476208E-01  4.9054751457438267E-01  0.0000000000000000E+00  6.5059710595610092E+00  0.0000000000000000E+00  0.0000000000000000E+00
  2.2000000000000000E+01  1.3000000000000000E+01  3.9148756956782269E+00  2.8132730733476208E-01  4.9054751457438267E-01  3.9761500000000001E+00  5.8868460553498601E+00 -1.9106960553498600E+00 -4.9894814306527852E-01
  2.2000000000000000E+01  1.6000000000000000E+01  3.0832143759477075E+00  2.8132730733476208E-01  4.9054751457438267E-01  3.4315460000000000E+00  4.3610828201514744E+00 -9.2953682015147443E-01  3.7667415520350711E-01
  2.2000000000000000E+01  2.3500000000000000E+01  1.6971416257295133E+00  2.8132730733476208E-01  4.9054751457438267E-01  1.5422830000000001E+00  2.0600296579730157E+00 -5.1774665797301567E-01 -6.8764606437910014E-01
  2.2000000000000000E+01  2.4000000000000000E+01  4.6923742610995953E+00  2.8132730733476208E-01  4.9054751457438267E-01  0.0000000000000000E+00  6.9595608260080724E+00  0.0000000000000000E+00  0.0000000000000000E+00
  2.2000000000000000E+01  2.5000000000000000E+01  4.3333246334711841E+00  2.8132730733476208E-01  4.9054751457438267E-01  3.9695630000000000E+00  6.2972710484693550E+00 -2.3277080484693551E+00 -1.0892831863127941E+00
  2.2000000000000000E+01  3.0000000000000000E+01  2.9104767511397625E+00  2.8132730733476208E-01  4.9054751457438267E-01  2.9623499999999998E+00  3.8194879634173859E+00 -8.5713796341738613E-01 -6.6333137157295607E-02
  2.2000000000000000E+01  4.8000000000000000E+01  6.9451016454298709E-01  2.8132730733476208E-01  4.9054751457438267E-01  7.1043199999999995E-01  6.3135711392862681E-01  7.9074886071373141E-02  5.1500600647559613E-01
  2.3000000000000000E+01  0.0000000000000000E+00  2.3069934437876558E+00 -3.1292585104250988E-02  7.7349277512443404E-01  0.0000000000000000E+00  4.9999999999999982E+00  0.0000000000000000E+00  0.0000000000000000E+00
  2.3000000000000000E+01  1.0000000000000000E+00  2.2061253701538717E+00 -3.1292585104250988E-02  7.7349277512443404E-01  2.1250330000000002E+00  4.5241870901797965E+00 -2.3991540901797963E+00 -3.5544936556692086E-01
  2.3000000000000000E+01  4.0000000000000000E+00  1.9292196422095991E+00 -3.1292585104250988E-02  7.7349277512443404E-01  1.6958770000000001E+00  3.3516002301781964E+00 -1.6557232301781963E+00 -1.0785270178663713E+00
  2.3000000000000000E+01  1.1500000000000000E+01  1.3796228859643203E+00 -3.1292585104250988E-02  7.7349277512443404E-01  1.6805120000000000E+00  1.5831838468952670E+00  9.7328153104732973E-02  6.8661796891998983E-01
  2.3000000000000000E+01  1.2000000000000000E+01  3.6561187990026425E+00 -3.1292585104250988E-02  7.7349277512443404E-01  0.0000000000000000E+00  6.5059710595610092E+00  0.0000000000000000E+00  0.0000000000000000E+00
  2.3000000000000000E+01  1.3000000000000000E+01  3.4962632687562349E+00 -3.1292585104250988E-02  7.7349277512443404E-01  3.1014379999999999E+00  5.8868460553498601E+00 -2.7854080553498601E+00 -1.0957848841159872E+00
  2.3000000000000000E+01  1.6000000000000000E+01  3.0574236005227649E+00 -3.1292585104250988E-02  7.7349277512443404E-01  3.6946360000000000E+00  4.3610828201514744E+00 -6.6644682015147438E-01  9.2959559758860577E-01
  2.3000000000000000E+01  2.3500000000000000E+01  2.1864237119924406E+00 -3.1292585104250988E-02  7.7349277512443404E-01  2.1823299999999999E+00  2.0600296579730157E+00  1.2230034202698414E-01 -4.2454906004224902E-01
  2.3000000000000000E+01  2.4000000000000000E+01  4.4450847273564014E+00 -3.1292585104250988E-02  7.7349277512443404E-01  0.0000000000000000E+00  6.9595608260080724E+00  0.0000000000000000E+00  0.0000000000000000E+00
  2.3000000000000000E+01  2.5000000000000000E+01  4.2507334452603152E+00 -3.1292585104250988E-02  7.7349277512443404E-01  3.2278680000000000E+00  6.2972710484693550E+00 -3.0694030484693551E+00 -1.7812539600852169E+00
  2.3000000000000000E+01  3.0000000000000000E+01  3.3992492898163427E+00 -3.1292585104250988E-02  7.7349277512443404E-01  3.2032180000000001E+00  3.8194879634173859E+00 -6.1626996341738582E-01 -5.1448991472196326E-01
  2.3000000000000000E+01  4.8000000000000000E+01  1.5201692089648857E+00 -3.1292585104250988E-02  7.7349277512443404E-01  1.4851970000000001E+00  6.3135711392862681E-01  8.5383988607137329E-01  2.4718709882609478E+00
  2.4000000000000000E+01  0.0000000000000000E+00  4.0152960450687178E+00 -5.6303807701339192E-01  2.1932683299182629E-01  0.0000000000000000E+00  4.9999999999999982E+00  0.0000000000000000E+00  0.0000000000000000E+00
  2.4000000000000000E+01  1.0000000000000000E+00  3.8504866855908553E+00 -5.6303807701339192E-01  2.1932683299182629E-01  3.8416410000000001E+00  4.5241870901797965E+00 -6.8254609017979639E-01  3.7331105140328358E-01
  2.4000000000000000E+01  4.0000000000000000E+00  3.3955473495934503E+00 -5.6303807701339192E-01  2.1932683299182629E-01  3.2274219999999998E+00  3.3516002301781964E+00 -1.2417823017819662E-01 -9.0680523583776906E-01
  2.4000000000000000E+01  1.1500000000000000E+01  2.4796775104338531E+00 -5.6303807701339192E-01  2.1932683299182629E-01  2.4083000000000001E+00  1.5831838468952670E+00  8.2511615310473307E-01 -2.3878387578328084E+00
  2.4000000000000000E+01  1.2000000000000000E+01  6.4435507040610940E+00 -5.6303807701339192E-01  2.1932683299182629E-01  0.0000000000000000E+00  6.5059710595610092E+00  0.0000000000000000E+00  0.0000000000000000E+00
  2.4000000000000000E+01  1.3000000000000000E+01  6.1790727048351961E+00 -5.6303807701339192E-01  2.1932683299182629E-01  6.6300480000000004E+00  5.8868460553498601E+00  7.4320194465014033E-01  7.5353660126966571E-01
  2.4000000000000000E+01  1.6000000000000000E+01  5.4490083096154907E+00 -5.6303807701339192E-01  2.1932683299182629E-01  5.6947570000000001E+00  4.3610828201514744E+00  1.3336741798485257E+00  8.9307190356451405E-02
  2.4000000000000000E+01  2.3500000000000000E+01  3.9792651871394131E+00 -5.6303807701339192E-01  2.1932683299182629E-01  3.9935440000000000E+00  2.0600296579730157E+00  1.9335143420269842E+00 -7.3103316397104479E-01
  2.4000000000000000E+01  2.4000000000000000E+01  7.9120403553184948E+00 -5.6303807701339192E-01  2.1932683299182629E-01  0.0000000000000000E+00  6.9595608260080724E+00  0.0000000000000000E+00  0.0000000000000000E+00
  2.4000000000000000E+01  2.5000000000000000E+01  7.5872876375893785E+00 -5.6303807701339192E-01  2.1932683299182629E-01  7.1981080000000004E+00  6.2972710484693550E+00  9.0083695153064536E-01 -1.3307098648775084E-01
  2.4000000000000000E+01  3.0000000000000000E+01  6.1528570264242450E+00 -5.6303807701339192E-01  2.1932683299182629E-01  6.5327419999999998E+00  3.8194879634173859E+00  2.7132540365826139E+00  1.0899179176926259E+00
  2.4000000000000000E+01  4.8000000000000000E+01  2.8936221020079964E+00 -5.6303807701339192E-01  2.1932683299182629E-01  2.9522889999999999E+00  6.3135711392862681E-01  2.3209318860713730E+00  6.3498574603817559E+00
  2.5000000000000000E+01  0.0000000000000000E+00  3.6923873461690588E+00  1.3894117907233792E+00  3.0316468629965115E-01  0.0000000000000000E+00  4.9999999999999982E+00  0.0000000000000000E+00  0.0000000000000000E+00
  2.5000000000000000E+01  1.0000000000000000E+00  3.0198928266532756E+00  1.3894117907233792E+00  3.0316468629965115E-01  3.0962950000000000E+00  4.5241870901797965E+00 -1.4278920901797965E+00 -1.1713486886537672E-01
  2.5000000000000000E+01  4.0000000000000000E+00  1.6521305430150306E+00  1.3894117907233792E+00  3.0316468629965115E-01  1.5331200000000000E+00  3.3516002301781964E+00 -1.8184802301781964E+00 -1.2612167331588966E+00
  2.5000000000000000E+01  1.1500000000000000E+01  3.6574334631831429E-01  1.3894117907233792E+00  3.0316468629965115E-01  3.6572700000000002E-01  1.5831838468952670E+00 -1.2174568468952671E+00 -8.9439561984576499E-01
  2.5000000000000000E+01  1.2000000000000000E+01  4.0231516028713274E+00  1.3894117907233792E+00  3.0316468629965115E-01  0.0000000000000000E+00  6.5059710595610092E+00  0.0000000000000000E+00  0.0000000000000000E+00
  2.5000000000000000E+01  1.3000000000000000E+01  3.2904149881932447E+00  1.3894117907233792E+00  3.0316468629965115E-01  3.3777330000000001E+00  5.8868460553498601E+00 -2.5091130553498600E+00 -4.9442700034092379E-01
  2.5000000000000000E+01  1.6000000000000000E+01  1.8001284857559117E+00  1.3894117907233792E+00  3.0316468629965115E-01  1.7070689999999999E+00  4.3610828201514744E+00 -2.6540138201514747E+00 -1.1742178987420866E+00
  2.5000000000000000E+01  2.3500000000000000E+01  3.9850665491709719E-01  1.3894117907233792E+00  3.0316468629965115E-01  3.5198099999999999E-01  2.0600296579730157E+00 -1.7080486579730159E+00 -6.8708922183677079E-01
  2.5000000000000000E+01  2.4000000000000000E+01  4.0527814827443898E+00  1.3894117907233792E+00  3.0316468629965115E-01  0.0000000000000000E+00  6.9595608260080724E+00  0.0000000000000000E+00  0.0000000000000000E+00
  2.5000000000000000E+01  2.5000000000000000E+01  3.3146483779474631E+00  1.3894117907233792E+00  3.0316468629965115E-01  3.2971900000000001E+00  6.2972710484693550E+00 -3.0000810484693550E+00 -6.1151148315905091E-01
  2.5000000000000000E+01  3.0000000000000000E+01  1.2129945437522702E+00  1.3894117907233792E+00  3.0316468629965115E-01  1.2497100000000001E+00  3.8194879634173859E+00 -2.5697779634173861E+00 -7.0001654550364623E-01
  2.5000000000000000E+01  4.8000000000000000E+01  3.2521893622584515E-02  1.3894117907233792E+00  3.0316468629965115E-01  3.4381000000000002E-02  6.3135711392862681E-01 -5.9697611392862682E-01  1.3637678854515918E+00
  2.6000000000000000E+01  0.0000000000000000E+00  6.1773056748988298E+00 -3.1320638934246921E-02 -2.1144428903533122E-01  0.0000000000000000E+00  4.9999999999999982E+00  0.0000000000000000E+00  0.0000000000000000E+00
  2.6000000000000000E+01  1.0000000000000000E+00  5.4803840232994343E+00 -3.1320638934246921E-02 -2.1144428903533122E-01  6.2054309999999999E+00  4.5241870901797965E+00  1.6812439098202034E+00  1.6148428648971533E+00
  2.6000000000000000E+01  4.0000000000000000E+00  3.8268962596425062E+00 -3.1320638934246921E-02 -2.1144428903533122E-01  3.7737240000000001E+00  3.3516002301781964E+00  4.2212376982180366E-01 -1.8112073737352896E-01
  2.6000000000000000E+01  1.1500000000000000E+01  1.5593224588787016E+00 -3.1320638934246921E-02 -2.1144428903533122E-01  1.5888899999999999E+00  1.5831838468952670E+00  5.7061531047328806E-03  2.0547443423703166E-01
  2.6000000000000000E+01  1.2000000000000000E+01  7.6460353973507837E+00 -3.1320638934246921E-02 -2.1144428903533122E-01  0.0000000000000000E+00  6.5059710595610092E+00  0.0000000000000000E+00  0.0000000000000000E+00
  2.6000000000000000E+01  1.3000000000000000E+01  6.7834121279597284E+00 -3.1320638934246921E-02 -2.1144428903533122E-01  7.0769039999999999E+00  5.8868460553498601E+00  1.1900579446501398E+00  6.2043826104727129E-01
  2.6000000000000000E+01  1.6000000000000000E+01  4.7367874933103646E+00 -3.1320638934246921E-02 -2.1144428903533122E-01  4.1941649999999999E+00  4.3610828201514744E+00 -1.6691782015147449E-01 -1.1260020943713023E+00
  2.6000000000000000E+01  2.3500000000000000E+01  1.9300703808324784E+00 -3.1320638934246921E-02 -2.1144428903533122E-01  1.8848020000000001E+00  2.0600296579730157E+00 -1.7522765797301565E-01 -6.4090258239793418E-03
  2.6000000000000000E+01  2.4000000000000000E+01  7.9952437919392754E+00 -3.1320638934246921E-02 -2.1144428903533122E-01  0.0000000000000000E+00  6.9595608260080724E+00  0.0000000000000000E+00  0.0000000000000000E+00
  2.6000000000000000E+01  2.5000000000000000E+01  7.0932229430989935E+00 -3.1320638934246921E-02 -2.1144428903533122E-01  7.0655349999999997E+00  6.2972710484693550E+00  7.6826395153064464E-01  1.3272407686756812E-01
  2.6000000000000000E+01  3.0000000000000000E+01  3.8985499821381802E+00 -3.1320638934246921E-02 -2.1144428903533122E-01  3.8490090000000001E+00  3.8194879634173859E+00  2.9521036582614180E-02  4.6382359848416155E-03
  2.6000000000000000E+01  4.8000000000000000E+01  4.5197799750656498E-01 -3.1320638934246921E-02 -2.1144428903533122E-01  4.7474000000000000E-01  6.3135711392862681E-01 -1.5661711392862682E-01  8.6501123086147480E-01
  2.7000000000000000E+01  0.0000000000000000E+00  3.2435064875062962E+00  2.1930270324736684E-01  4.3278291860903173E-01  0.0000000000000000E+00  4.9999999999999982E+00  0.0000000000000000E+00  0.0000000000000000E+00
  2.7000000000000000E+01  1.0000000000000000E+00  2.9945963183026274E+00  2.1930270324736684E-01  4.3278291860903173E-01  3.3577010000000000E+00  4.5241870901797965E+00 -1.1664860901797964E+00  2.5795175515741958E-01
  2.7000000000000000E+01  4.0000000000000000E+00  2.3567245857268531E+00  2.1930270324736684E-01  4.3278291860903173E-01  2.4130569999999998E+00  3.3516002301781964E+00 -9.3854323017819663E-01 -1.4616744835285078E-01
  2.7000000000000000E+01  1.1500000000000000E+01  1.2948969199670683E+00  2.1930270324736684E-01  4.3278291860903173E-01  1.3630920000000000E+00  1.5831838468952670E+00 -2.2009184689526706E-01  3.6575800369317579E-01
  2.7000000000000000E+01  1.2000000000000000E+01  4.4877258500574380E+00  2.1930270324736684E-01  4.3278291860903173E-01  0.0000000000000000E+00  6.5059710595610092E+00  0.0000000000000000E+00  0.0000000000000000E+00
  2.7000000000000000E+01  1.3000000000000000E+01  4.1433329515137736E+00  2.1930270324736684E-01  4.3278291860903173E-01  3.6243900000000000E+00  5.8868460553498601E+00 -2.2624560553498601E+00 -1.3152613788030847E+00
  2.7000000000000000E+01  1.6000000000000000E+01  3.2607716018362907E+00  2.1930270324736684E-01  4.3278291860903173E-01  3.3403980000000000E+00  4.3610828201514744E+00 -1.0206848201514744E+00 -4.0424444434249210E-02
  2.7000000000000000E+01  2.3500000000000000E+01  1.7916234801070949E+00  2.1930270324736684E-01  4.3278291860903173E-01  1.6210640000000001E+00  2.0600296579730157E+00 -4.3896565797301568E-01 -5.3989521841161692E-01
  2.7000000000000000E+01  2.4000000000000000E+01  4.9650123386494132E+00  2.1930270324736684E-01  4.3278291860903173E-01  0.0000000000000000E+00  6.9595608260080724E+00  0.0000000000000000E+00  0.0000000000000000E+00
  2.7000000000000000E+01  2.5000000000000000E+01  4.5839919626853494E+00  2.1930270324736684E-01  4.3278291860903173E-01  3.9908280000000000E+00  6.2972710484693550E+00 -2.3064430484693550E+00 -1.2727375429885377E+00
  2.7000000000000000E+01  3.0000000000000000E+01  3.0751154440092319E+00  2.1930270324736684E-01  4.3278291860903173E-01  3.2116750000000001E+00  3.8194879634173859E+00 -6.0781296341738589E-01  3.4848003810334194E-01
  2.7000000000000000E+01  4.8000000000000000E+01  7.3060846773632593E-01  2.1930270324736684E-01  4.3278291860903173E-01  7.6917500000000005E-01  6.3135711392862681E-01  1.3781788607137324E-01  9.1260063597853502E-01
  2.8000000000000000E+01  0.0000000000000000E+00  4.1224395127510780E+00 -3.9120542760416355E-01  1.9299280955802586E-01  0.0000000000000000E+00  4.9999999999999982E+00  0.0000000000000000E+00  0.0000000000000000E+00
  2.8000000000000000E+01  1.0000000000000000E+00  3.9075995213385197E+00 -3.9120542760416355E-01  1.9299280955802586E-01  4.2428189999999999E+00  4.5241870901797965E+00 -2.8136809017979658E-01  1.2144893705299942E+00
  2.8000000000000000E+01  4.0000000000000000E+00  3.3279539994351750E+00 -3.9120542760416355E-01  1.9299280955802586E-01  3.1053839999999999E+00  3.3516002301781964E+00 -2.4621623017819649E-01 -6.5121456523981958E-01
  2.8000000000000000E+01  1.1500000000000000E+01  2.2276424329244549E+00 -3.9120542760416355E-01  1.9299280955802586E-01  2.1268590000000001E+00  1.5831838468952670E+00  5.4367515310473302E-01 -1.6052110537526554E+00
  2.8000000000000000E+01  1.2000000000000000E+01  6.2912587647981226E+00 -3.9120542760416355E-01  1.9299280955802586E-01  0.0000000000000000E+00  6.5059710595610092E+00  0.0000000000000000E+00  0.0000000000000000E+00
  2.8000000000000000E+01  1.3000000000000000E+01  5.9633912545962744E+00 -3.9120542760416355E-01  1.9299280955802586E-01  4.9645770000000002E+00  5.8868460553498601E+00 -9.2226905534985981E-01 -1.3806438069918578E+00
  2.8000000000000000E+01  1.6000000000000000E+01  5.0787936858822098E+00 -3.9120542760416355E-01  1.9299280955802586E-01  6.0922660000000004E+00  4.3610828201514744E+00  1.7311831798485260E+00  2.1733526112071790E+00
  2.8000000000000000E+01  2.3500000000000000E+01  3.3996071834707418E+00 -3.9120542760416355E-01  1.9299280955802586E-01  3.8400110000000001E+00  2.0600296579730157E+00  1.7799813420269843E+00  1.3947745128948505E+00
  2.8000000000000000E+01  2.4000000000000000E+01  7.4322765853145167E+00 -3.9120542760416355E-01  1.9299280955802586E-01  0.0000000000000000E+00  6.9595608260080724E+00  0.0000000000000000E+00  0.0000000000000000E+00
  2.8000000000000000E+01  2.5000000000000000E+01  7.0449451926219515E+00 -3.9120542760416355E-01  1.9299280955802586E-01  6.0559089999999998E+00  6.2972710484693550E+00 -2.4136204846935527E-01 -1.0062604691279529E+00
  2.8000000000000000E+01  3.0000000000000000E+01  5.3908394388149707E+00 -3.9120542760416355E-01  1.9299280955802586E-01  5.3231390000000003E+00  3.8194879634173859E+00  1.5036510365826143E+00  8.2801436562824460E-02
  2.8000000000000000E+01  4.8000000000000000E+01  2.0571217611853552E+00 -3.9120542760416355E-01  1.9299280955802586E-01  2.0280399999999998E+00  6.3135711392862681E-01  1.3966828860713729E+00  2.4573186608207882E+00
  2.9000000000000000E+01  0.0000000000000000E+00  6.5514725197465955E+00 -7.3430757331470864E-01 -2.7025192412164289E-01  0.0000000000000000E+00  4.9999999999999982E+00  0.0000000000000000E+00  0.0000000000000000E+00
  2.9000000000000000E+01  1.0000000000000000E+00  6.2073440435957901E+00 -7.3430757331470864E-01 -2.7025192412164289E-01  6.0966110000000002E+00  4.5241870901797965E+00  1.5724239098202037E+00  1.2809067617580134E+00
  2.9000000000000000E+01  4.0000000000000000E+00  5.2796665758089958E+00 -7.3430757331470864E-01 -2.7025192412164289E-01  5.7621320000000003E+00  3.3516002301781964E+00  2.4105317698218038E+00  1.8690331593903315E+00
  2.9000000000000000E+01  1.1500000000000000E+01  3.5225583502606406E+00 -7.3430757331470864E-01 -2.7025192412164289E-01  4.1372549999999997E+00  1.5831838468952670E+00  2.5540711531047329E+00  2.0525864596041181E+00
  2.9000000000000000E+01  1.2000000000000000E+01  9.9802684832316206E+00 -7.3430757331470864E-01 -2.7025192412164289E-01  0.0000000000000000E+00  6.5059710595610092E+00  0.0000000000000000E+00  0.0000000000000000E+00
  2.9000000000000000E+01  1.3000000000000000E+01  9.4560360187957855E+00 -7.3430757331470864E-01 -2.7025192412164289E-01  8.1113020000000002E+00  5.8868460553498601E+00  2.2244559446501402E+00 -9.3774946519946278E-01
  2.9000000000000000E+01  1.6000000000000000E+01  8.0428468210313167E+00 -7.3430757331470864E-01 -2.7025192412164289E-01  7.5378299999999996E+00  4.3610828201514744E+00  3.1767471798485252E+00 -5.7857838177677556E-01
  2.9000000000000000E+01  2.3500000000000000E+01  5.3661337932026374E+00 -7.3430757331470864E-01 -2.7025192412164289E-01  5.1680190000000001E+00  2.0600296579730157E+00  3.1079893420269844E+00 -1.1637031876938733E+00
  2.9000000000000000E+01  2.4000000000000000E+01  1.1774772195759740E+01 -7.3430757331470864E-01 -2.7025192412164289E-01  0.0000000000000000E+00  6.9595608260080724E+00  0.0000000000000000E+00  0.0000000000000000E+00
  2.9000000000000000E+01  2.5000000000000000E+01  1.1156280032274879E+01 -7.3430757331470864E-01 -2.7025192412164289E-01  1.1504769000000000E+01  6.2972710484693550E+00  5.2074979515306445E+00  2.1944416041178969E+00
  2.9000000000000000E+01  3.0000000000000000E+01  8.5183184748352367E+00 -7.3430757331470864E-01 -2.7025192412164289E-01  9.0200099999999992E+00  3.8194879634173859E+00  5.2005220365826137E+00  2.0307422908454660E+00
  2.9000000000000000E+01  4.8000000000000000E+01  3.2252096541314641E+00 -7.3430757331470864E-01 -2.7025192412164289E-01  3.1495970000000000E+00  6.3135711392862681E-01  2.5182398860713731E+00  3.7056348619888393E+00
  3.0000000000000000E+01  0.0000000000000000E+00  5.9649568335521339E+00  5.5414293059799935E-01 -1.7646390646799118E-01  0.0000000000000000E+00  4.9999999999999982E+00  0.0000000000000000E+00  0.0000000000000000E+00
  3.0000000000000000E+01  1.0000000000000000E+00  4.9152024057415424E+00  5.5414293059799935E-01 -1.7646390646799118E-01  4.3694930000000003E+00  4.5241870901797965E+00 -1.5469409017979618E-01 -3.5241315092769254E-01
  3.0000000000000000E+01  4.0000000000000000E+00  2.7500697616112868E+00  5.5414293059799935E-01 -1.7646390646799118E-01  2.7830390000000000E+00  3.3516002301781964E+00 -5.6856123017819638E-01 -5.0123379976269089E-01
  3.0000000000000000E+01  1.1500000000000000E+01  6.4394603195769939E-01  5.5414293059799935E-01 -1.7646390646799118E-01  6.3437299999999996E-01  1.5831838468952670E+00 -9.4881084689526707E-01 -1.4583987998389027E+00
  3.0000000000000000E+01  1.2000000000000000E+01  6.5494999115690264E+00  5.5414293059799935E-01 -1.7646390646799118E-01  0.0000000000000000E+00  6.5059710595610092E+00  0.0000000000000000E+00  0.0000000000000000E+00
  3.0000000000000000E+01  1.3000000000000000E+01  5.3968735432705008E+00  5.5414293059799935E-01 -1.7646390646799118E-01  5.7719329999999998E+00  5.8868460553498601E+00 -1.1491305534986029E-01  7.7343835913435965E-01
  3.0000000000000000E+01  1.6000000000000000E+01  3.0195661365341140E+00  5.5414293059799935E-01 -1.7646390646799118E-01  2.7039580000000001E+00  4.3610828201514744E+00 -1.6571248201514743E+00 -1.5261567447490807E+00
  3.0000000000000000E+01  2.3500000000000000E+01  7.0705029341354697E-01  5.5414293059799935E-01 -1.7646390646799118E-01  6.9806599999999996E-01  2.0600296579730157E+00 -1.3619636579730159E+00 -1.0193909470922913E+00
  3.0000000000000000E+01  2.4000000000000000E+01  6.6067829095172250E+00  5.5414293059799935E-01 -1.7646390646799118E-01  0.0000000000000000E+00  6.9595608260080724E+00  0.0000000000000000E+00  0.0000000000000000E+00
  3.0000000000000000E+01  2.5000000000000000E+01  5.4440754823925666E+00  5.5414293059799935E-01 -1.7646390646799118E-01  5.8622050000000003E+00  6.2972710484693550E+00 -4.3506604846935470E-01  7.6547384451408751E-01
  3.0000000000000000E+01  3.0000000000000000E+01  2.0682100547043576E+00  5.5414293059799935E-01 -1.7646390646799118E-01  2.2805279999999999E+00  3.8194879634173859E+00 -1.5389599634173861E+00 -4.4714972176903317E-01
  3.0000000000000000E+01  4.8000000000000000E+01  6.3446617035231842E-02  5.5414293059799935E-01 -1.7646390646799118E-01  6.3963999999999993E-02  6.3135711392862681E-01 -5.6739311392862679E-01  1.3434222665323472E+00
