TABLE NO.  1
 ID                      TIME                    IPRED                   ETA1                    ETA2                    DV                      PRED                    RES                     WRES
  1.0000000000000000E+00  0.0000000000000000E+00  5.1606403063147157E+00  1.8187023456146473E-01 -3.1622749731866968E-02  0.0000000000000000E+00  4.9999999999999982E+00  0.0000000000000000E+00  0.0000000000000000E+00
  1.0000000000000000E+00  1.0000000000000000E+00  4.5548891632072595E+00  1.8187023456146473E-01 -3.1622749731866968E-02  4.7006969999999999E+00  4.5241870901797965E+00  1.7650990982020343E-01  2.5475790394488140E-01
  1.0000000000000000E+00  4.0000000000000000E+00  3.1318466142332300E+00  1.8187023456146473E-01 -3.1622749731866968E-02  2.8349400000000000E+00  3.3516002301781964E+00 -5.1666023017819640E-01 -1.0213438361322864E+00
  1.0000000000000000E+00  1.1500000000000000E+01  1.2277421321843347E+00  1.8187023456146473E-01 -3.1622749731866968E-02  1.4077090000000001E+00  1.5831838468952670E+00 -1.7547484689526693E-01  8.4990899906167172E-01
  1.0000000000000000E+00  1.2000000000000000E+01  6.3140783495622888E+00  1.8187023456146473E-01 -3.1622749731866968E-02  0.0000000000000000E+00  6.5059710595610092E+00  0.0000000000000000E+00  0.0000000000000000E+00
  1.0000000000000000E+00  1.3000000000000000E+01  5.5729377253577104E+00  1.8187023456146473E-01 -3.1622749731866968E-02  6.2365089999999999E+00  5.8868460553498601E+00  3.4966294465013981E-01  9.7204469181862108E-01
  1.0000000000000000E+00  1.6000000000000000E+01  3.8318355334478635E+00  1.8187023456146473E-01 -3.1622749731866968E-02  3.8833340000000001E+00  4.3610828201514744E+00 -4.7774882015147435E-01 -7.0226826897910766E-02
  1.0000000000000000E+00  2.3500000000000000E+01  1.5021508098878533E+00  1.8187023456146473E-01 -3.1622749731866968E-02  1.3324520000000000E+00  2.0600296579730157E+00 -7.2757765797301577E-01 -7.6674122381490428E-01
  1.0000000000000000E+00  2.4000000000000000E+01  6.5718795603893341E+00  1.8187023456146473E-01 -3.1622749731866968E-02  0.0000000000000000E+00  6.9595608260080724E+00  0.0000000000000000E+00  0.0000000000000000E+00
  1.0000000000000000E+00  2.5000000000000000E+01  5.8004784706448724E+00  1.8187023456146473E-01 -3.1622749731866968E-02  5.4636339999999999E+00  6.2972710484693550E+00 -8.3363704846935516E-01 -6.3153740418018045E-01
  1.0000000000000000E+00  3.0000000000000000E+01  3.1069548088634638E+00  1.8187023456146473E-01 -3.1622749731866968E-02  2.9625800000000000E+00  3.8194879634173859E+00 -8.5690796341738595E-01 -4.8755489351511616E-01
  1.0000000000000000E+00  4.8000000000000000E+01  3.2830005726319689E-01  1.8187023456146473E-01 -3.1622749731866968E-02  3.3534399999999998E-01  6.3135711392862681E-01 -2.9601311392862684E-01  4.7167942044714217E-01
  2.0000000000000000E+00  0.0000000000000000E+00  7.2799740194491056E+00 -3.6704550988000251E-01 -3.7568938101113558E-01  0.0000000000000000E+00  4.9999999999999982E+00  0.0000000000000000E+00  0.0000000000000000E+00
  2.0000000000000000E+00  1.0000000000000000E+00  6.5601222232496896E+00 -3.6704550988000251E-01 -3.7568938101113558E-01  6.8402690000000002E+00  4.5241870901797965E+00  2.3160819098202037E+00  7.6368903703407909E-01
  2.0000000000000000E+00  4.0000000000000000E+00  4.8001878720858580E+00 -3.6704550988000251E-01 -3.7568938101113558E-01  5.5663729999999996E+00  3.3516002301781964E+00  2.2147727698218032E+00  2.4446675941211273E+00
  2.0000000000000000E+00  1.1500000000000000E+01  2.1984874784856765E+00 -3.6704550988000251E-01 -3.7568938101113558E-01  2.1574629999999999E+00  1.5831838468952670E+00  5.7427915310473288E-01  3.4530133285592768E-01
  2.0000000000000000E+00  1.2000000000000000E+01  9.3669384499923698E+00 -3.6704550988000251E-01 -3.7568938101113558E-01  0.0000000000000000E+00  6.5059710595610092E+00  0.0000000000000000E+00  0.0000000000000000E+00
  2.0000000000000000E+00  1.3000000000000000E+01  8.4407253275138601E+00 -3.6704550988000251E-01 -3.7568938101113558E-01  9.5253189999999996E+00  5.8868460553498601E+00  3.6384729446501396E+00  2.2954045414791535E+00
  2.0000000000000000E+00  1.6000000000000000E+01  6.1762671441004056E+00 -3.6704550988000251E-01 -3.7568938101113558E-01  5.2106469999999998E+00  4.3610828201514744E+00  8.4956417984852539E-01 -1.5594890901155973E+00
  2.0000000000000000E+00  2.3500000000000000E+01  2.8287321958894283E+00 -3.6704550988000251E-01 -3.7568938101113558E-01  2.5413299999999999E+00  2.0600296579730157E+00  4.8130034202698413E-01 -3.5511918476217630E-01
  2.0000000000000000E+00  2.4000000000000000E+01  9.9652126365096390E+00 -3.6704550988000251E-01 -3.7568938101113558E-01  0.0000000000000000E+00  6.9595608260080724E+00  0.0000000000000000E+00  0.0000000000000000E+00
  2.0000000000000000E+00  2.5000000000000000E+01  8.9798415078852791E+00 -3.6704550988000251E-01 -3.7568938101113558E-01  8.7576499999999999E+00  6.2972710484693550E+00  2.4603789515306449E+00  2.9825867606226208E-01
  2.0000000000000000E+00  3.0000000000000000E+01  5.3355498139468640E+00 -3.6704550988000251E-01 -3.7568938101113558E-01  4.9860470000000001E+00  3.8194879634173859E+00  1.1665590365826142E+00 -1.0797395410737590E-01
  2.0000000000000000E+00  4.8000000000000000E+01  8.1894928026550518E-01 -3.6704550988000251E-01 -3.7568938101113558E-01  8.9523399999999997E-01  6.3135711392862681E-01  2.6387688607137316E-01  1.8074912668544370E+00
  3.0000000000000000E+00  0.0000000000000000E+00  7.8279215803425961E+00  9.3824618529344284E-01 -4.4825911920879924E-01  0.0000000000000000E+00  4.9999999999999982E+00  0.0000000000000000E+00  0.0000000000000000E+00
  3.0000000000000000E+00  1.0000000000000000E+00  4.6616369197105358E+00  9.3824618529344284E-01 -4.4825911920879924E-01  4.1480269999999999E+00  4.5241870901797965E+00 -3.7616009017979657E-01  4.6130387907555187E-01
  3.0000000000000000E+00  4.0000000000000000E+00  9.8449696094885386E-01  9.3824618529344284E-01 -4.4825911920879924E-01  1.0014600000000000E+00  3.3516002301781964E+00 -2.3501402301781962E+00 -3.7060563837116156E+00
  3.0000000000000000E+00  1.1500000000000000E+01  2.0179212688311878E-02  9.3824618529344284E-01 -4.4825911920879924E-01  2.0410000000000001E-02  1.5831838468952670E+00 -1.5627738468952670E+00 -1.9448933129232464E+00
  3.0000000000000000E+00  1.2000000000000000E+01  7.8434937887367608E+00  9.3824618529344284E-01 -4.4825911920879924E-01  0.0000000000000000E+00  6.5059710595610092E+00  0.0000000000000000E+00  0.0000000000000000E+00
  3.0000000000000000E+00  1.3000000000000000E+01  4.6709103878753107E+00  9.3824618529344284E-01 -4.4825911920879924E-01  5.1828500000000002E+00  5.8868460553498601E+00 -7.0399605534985987E-01  1.5018232659060087E+00
  3.0000000000000000E+00  1.6000000000000000E+01  9.8645543634771504E-01  9.3824618529344284E-01 -4.4825911920879924E-01  9.1528500000000002E-01  4.3610828201514744E+00 -3.4457978201514745E+00 -3.1287486192167266E+00
  3.0000000000000000E+00  2.3500000000000000E+01  2.0219355515751748E-02  9.3824618529344284E-01 -4.4825911920879924E-01  2.0212999999999998E-02  2.0600296579730157E+00 -2.0398166579730157E+00 -5.9164370652219611E-01
  3.0000000000000000E+00  2.4000000000000000E+01  7.8435247667775823E+00  9.3824618529344284E-01 -4.4825911920879924E-01  0.0000000000000000E+00  6.9595608260080724E+00  0.0000000000000000E+00  0.0000000000000000E+00
  3.0000000000000000E+00  2.5000000000000000E+01  4.6709288357324219E+00  9.3824618529344284E-01 -4.4825911920879924E-01  5.2292779999999999E+00  6.2972710484693550E+00 -1.0679930484693552E+00  1.7125779805592480E+00
  3.0000000000000000E+00  3.0000000000000000E+01  3.4983490763718283E-01  9.3824618529344284E-01 -4.4825911920879924E-01  3.3306000000000002E-01  3.8194879634173859E+00 -3.4864279634173858E+00 -2.2994805351489442E+00
  3.0000000000000000E+00  4.8000000000000000E+01  3.1039788521612465E-05  9.3824618529344284E-01 -4.4825911920879924E-01  3.1999999999999999E-05  6.3135711392862681E-01 -6.3132511392862678E-01  3.9057293666290329E+00
  4.0000000000000000E+00  0.0000000000000000E+00  4.6517688354557798E+00  3.4951065298237222E-01  7.2190370444891655E-02  0.0000000000000000E+00  4.9999999999999982E+00  0.0000000000000000E+00  0.0000000000000000E+00
  4.0000000000000000E+00  1.0000000000000000E+00  4.0590270823223724E+00  3.4951065298237222E-01  7.2190370444891655E-02  4.3353000000000002E+00  4.5241870901797965E+00 -1.8888709017979632E-01  7.1803412739537176E-01
  4.0000000000000000E+00  4.0000000000000000E+00  2.6967048831068716E+00  3.4951065298237222E-01  7.2190370444891655E-02  2.4425539999999999E+00  3.3516002301781964E+00 -9.0904623017819652E-01 -9.0366389990736917E-01
  4.0000000000000000E+00  1.1500000000000000E+01  9.7020186015823207E-01  3.4951065298237222E-01  7.2190370444891655E-02  1.0283210000000000E+00  1.5831838468952670E+00 -5.5486284689526699E-01 -1.0817791459440762E-01
  4.0000000000000000E+00  1.2000000000000000E+01  5.5580522141095559E+00  3.4951065298237222E-01  7.2190370444891655E-02  0.0000000000000000E+00  6.5059710595610092E+00  0.0000000000000000E+00  0.0000000000000000E+00
  4.0000000000000000E+00  1.3000000000000000E+01  4.8498292284169491E+00  3.4951065298237222E-01  7.2190370444891655E-02  3.6386669999999999E+00  5.8868460553498601E+00 -2.2481790553498602E+00 -2.1244326103569224E+00
  4.0000000000000000E+00  1.6000000000000000E+01  3.2220918701097996E+00  3.4951065298237222E-01  7.2190370444891655E-02  3.5867580000000001E+00  4.3610828201514744E+00 -7.7432482015147430E-01  4.4744627620234440E-01
  4.0000000000000000E+00  2.3500000000000000E+01  1.1592219621672841E+00  3.4951065298237222E-01  7.2190370444891655E-02  9.4425300000000001E-01  2.0600296579730157E+00 -1.1157766579730157E+00 -1.2970481330035128E+00
  4.0000000000000000E+00  2.4000000000000000E+01  5.7346193633977531E+00  3.4951065298237222E-01  7.2190370444891655E-02  0.0000000000000000E+00  6.9595608260080724E+00  0.0000000000000000E+00  0.0000000000000000E+00
  4.0000000000000000E+00  2.5000000000000000E+01  5.0038976841292433E+00  3.4951065298237222E-01  7.2190370444891655E-02  5.4223390000000000E+00  6.2972710484693550E+00 -8.7493204846935502E-01  4.4492264628993256E-01
  4.0000000000000000E+00  3.0000000000000000E+01  2.5312062952159042E+00  3.4951065298237222E-01  7.2190370444891655E-02  2.7854380000000001E+00  3.8194879634173859E+00 -1.0340499634173859E+00  1.8056789096214682E-01
  4.0000000000000000E+00  4.8000000000000000E+01  2.1766889737306308E-01  3.4951065298237222E-01  7.2190370444891655E-02  2.2372000000000000E-01  6.3135711392862681E-01 -4.0763711392862678E-01  2.5788435916349517E-01
  5.0000000000000000E+00  0.0000000000000000E+00  4.2944143577731531E+00 -8.9138525888815601E-02  1.5212272071334801E-01  0.0000000000000000E+00  4.9999999999999982E+00  0.0000000000000000E+00  0.0000000000000000E+00
  5.0000000000000000E+00  1.0000000000000000E+00  3.9693312842126520E+00 -8.9138525888815601E-02  1.5212272071334801E-01  4.1753439999999999E+00  4.5241870901797965E+00 -3.4884309017979653E-01  1.2537746152356710E-01
  5.0000000000000000E+00  4.0000000000000000E+00  3.1344225979105436E+00 -8.9138525888815601E-02  1.5212272071334801E-01  3.5604740000000001E+00  3.3516002301781964E+00  2.0887376982180372E-01  1.0522722913170424E+00
  5.0000000000000000E+00  1.1500000000000000E+01  1.7368329772716418E+00 -8.9138525888815601E-02  1.5212272071334801E-01  1.5209919999999999E+00  1.5831838468952670E+00 -6.2191846895267133E-02 -1.1531130391779985E+00
  5.0000000000000000E+00  1.2000000000000000E+01  5.9642155120419540E+00 -8.9138525888815601E-02  1.5212272071334801E-01  0.0000000000000000E+00  6.5059710595610092E+00  0.0000000000000000E+00  0.0000000000000000E+00
  5.0000000000000000E+00  1.3000000000000000E+01  5.5127300827138903E+00 -8.9138525888815601E-02  1.5212272071334801E-01  5.1976560000000003E+00  5.8868460553498601E+00 -6.8919005534985978E-01 -6.9381435776849365E-01
  5.0000000000000000E+00  1.6000000000000000E+01  4.3531830704493961E+00 -8.9138525888815601E-02  1.5212272071334801E-01  4.4407540000000001E+00  4.3610828201514744E+00  7.9671179848525675E-02  1.9019117669098501E-01
  5.0000000000000000E+00  2.3500000000000000E+01  2.4121673694852923E+00 -8.9138525888815601E-02  1.5212272071334801E-01  2.5072280000000000E+00  2.0600296579730157E+00  4.4719834202698427E-01  6.9862514625100747E-01
  5.0000000000000000E+00  2.4000000000000000E+01  6.6134858577761859E+00 -8.9138525888815601E-02  1.5212272071334801E-01  0.0000000000000000E+00  6.9595608260080724E+00  0.0000000000000000E+00  0.0000000000000000E+00
  5.0000000000000000E+00  2.5000000000000000E+01  6.1128512821434731E+00 -8.9138525888815601E-02  1.5212272071334801E-01  5.9352830000000001E+00  6.2972710484693550E+00 -3.6198804846935495E-01 -3.0839592932129306E-01
  5.0000000000000000E+00  3.0000000000000000E+01  4.1239257237131497E+00 -8.9138525888815601E-02  1.5212272071334801E-01  3.8278509999999999E+00  3.8194879634173859E+00  8.3630365826139474E-03 -4.5298028161157688E-01
  5.0000000000000000E+00  4.8000000000000000E+01  9.9988959882608830E-01 -8.9138525888815601E-02  1.5212272071334801E-01  1.0624910000000001E+00  6.3135711392862681E-01  4.3113388607137326E-01  1.4521810967002413E+00
  6.0000000000000000E+00  0.0000000000000000E+00  5.1447594428058325E+00 -4.0899396933710780E-01 -2.8540700230332328E-02  0.0000000000000000E+00  4.9999999999999982E+00  0.0000000000000000E+00  0.0000000000000000E+00
  6.0000000000000000E+00  1.0000000000000000E+00  4.7917574411694366E+00 -4.0899396933710780E-01 -2.8540700230332328E-02  4.6533579999999999E+00  4.5241870901797965E+00  1.2917090982020341E-01 -2.0818560123573193E-02
  6.0000000000000000E+00  4.0000000000000000E+00  3.8715429796251466E+00 -4.0899396933710780E-01 -2.8540700230332328E-02  3.8874270000000002E+00  3.3516002301781964E+00  5.3582676982180377E-01  4.8922792098980455E-02
  6.0000000000000000E+00  1.1500000000000000E+01  2.2717327151133766E+00 -4.0899396933710780E-01 -2.8540700230332328E-02  2.0376249999999998E+00  1.5831838468952670E+00  4.5444115310473276E-01 -1.7744929161226541E+00
  6.0000000000000000E+00  1.2000000000000000E+01  7.3371711315309307E+00 -4.0899396933710780E-01 -2.8540700230332328E-02  0.0000000000000000E+00  6.5059710595610092E+00  0.0000000000000000E+00  0.0000000000000000E+00
  6.0000000000000000E+00  1.3000000000000000E+01  6.8337392170609617E+00 -4.0899396933710780E-01 -2.8540700230332328E-02  7.5184959999999998E+00  5.8868460553498601E+00  1.6316499446501398E+00  1.3400105556496309E+00
  6.0000000000000000E+00  1.6000000000000000E+01  5.5213802900558564E+00 -4.0899396933710780E-01 -2.8540700230332328E-02  5.4271390000000004E+00  4.3610828201514744E+00  1.0660561798485260E+00 -1.8318412648715629E-01
  6.0000000000000000E+00  2.3500000000000000E+01  3.2398194475724336E+00 -4.0899396933710780E-01 -2.8540700230332328E-02  3.3591340000000001E+00  2.0600296579730157E+00  1.2991043420269843E+00  2.7289238570795260E-01
  6.0000000000000000E+00  2.4000000000000000E+01  8.2714556333223292E+00 -4.0899396933710780E-01 -2.8540700230332328E-02  0.0000000000000000E+00  6.9595608260080724E+00  0.0000000000000000E+00  0.0000000000000000E+00
  6.0000000000000000E+00  2.5000000000000000E+01  7.7039188169815036E+00 -4.0899396933710780E-01 -2.8540700230332328E-02  6.9041280000000000E+00  6.2972710484693550E+00  6.0685695153064501E-01 -9.0567268690119085E-01
  6.0000000000000000E+00  3.0000000000000000E+01  5.3995859988025652E+00 -4.0899396933710780E-01 -2.8540700230332328E-02  6.3687969999999998E+00  3.8194879634173859E+00  2.5493090365826139E+00  2.3985810949214268E+00
  6.0000000000000000E+00  4.8000000000000000E+01  1.5020902126482305E+00 -4.0899396933710780E-01 -2.8540700230332328E-02  1.4776250000000000E+00  6.3135711392862681E-01  8.4626788607137315E-01  6.0681974720235221E-01
  7.0000000000000000E+00  0.0000000000000000E+00  4.0671746819170949E+00 -1.9952639767484032E-01  2.0648933538218278E-01  0.0000000000000000E+00  4.9999999999999982E+00  0.0000000000000000E+00  0.0000000000000000E+00
  7.0000000000000000E+00  1.0000000000000000E+00  3.8025575309863120E+00 -1.9952639767484032E-01  2.0648933538218278E-01  3.7203960000000000E+00  4.5241870901797965E+00 -8.0379109017979644E-01 -3.8557748600712971E-01
  7.0000000000000000E+00  4.0000000000000000E+00  3.1075970291833594E+00 -1.9952639767484032E-01  2.0648933538218278E-01  3.3848980000000002E+00  3.3516002301781964E+00  3.3297769821803769E-02  6.6929074110890985E-01
  7.0000000000000000E+00  1.1500000000000000E+01  1.8762770132725333E+00 -1.9952639767484032E-01  2.0648933538218278E-01  2.0472790000000001E+00  1.5831838468952670E+00  4.6409515310473304E-01  9.0413634582312241E-01
  7.0000000000000000E+00  1.2000000000000000E+01  5.8813883810397094E+00 -1.9952639767484032E-01  2.0648933538218278E-01  0.0000000000000000E+00  6.5059710595610092E+00  0.0000000000000000E+00  0.0000000000000000E+00
  7.0000000000000000E+00  1.3000000000000000E+01  5.4987354687299392E+00 -1.9952639767484032E-01  2.0648933538218278E-01  6.2066520000000001E+00  5.8868460553498601E+00  3.1980594465014001E-01  1.0881406245713925E+00
  7.0000000000000000E+00  1.6000000000000000E+01  4.4937792177093128E+00 -1.9952639767484032E-01  2.0648933538218278E-01  4.4141750000000002E+00  4.3610828201514744E+00  5.3092179848525767E-02 -7.7387909511964809E-02
  7.0000000000000000E+00  2.3500000000000000E+01  2.7132136405489913E+00 -1.9952639767484032E-01  2.0648933538218278E-01  2.5545499999999999E+00  2.0600296579730157E+00  4.9452034202698414E-01 -2.3006239880596824E-01
  7.0000000000000000E+00  2.4000000000000000E+01  6.6906408974653742E+00 -1.9952639767484032E-01  2.0648933538218278E-01  0.0000000000000000E+00  6.9595608260080724E+00  0.0000000000000000E+00  0.0000000000000000E+00
  7.0000000000000000E+00  2.5000000000000000E+01  6.2553366701697453E+00 -1.9952639767484032E-01  2.0648933538218278E-01  5.1916019999999996E+00  6.2972710484693550E+00 -1.1056690484693554E+00 -1.4705145016625405E+00
  7.0000000000000000E+00  3.0000000000000000E+01  4.4685387582426666E+00 -1.9952639767484032E-01  2.0648933538218278E-01  3.9979840000000002E+00  3.8194879634173859E+00  1.7849603658261426E-01 -6.3545495757417081E-01
  7.0000000000000000E+00  4.8000000000000000E+01  1.3312479561911008E+00 -1.9952639767484032E-01  2.0648933538218278E-01  1.4155850000000001E+00  6.3135711392862681E-01  7.8422788607137328E-01  2.4254403619024889E+00
  8.0000000000000000E+00  0.0000000000000000E+00  3.4671881893724579E+00  1.4310966677862599E-01  3.6609396702767555E-01  0.0000000000000000E+00  4.9999999999999982E+00  0.0000000000000000E+00  0.0000000000000000E+00
  8.0000000000000000E+00  1.0000000000000000E+00  3.1992310389091343E+00  1.4310966677862599E-01  3.6609396702767555E-01  3.2573780000000001E+00  4.5241870901797965E+00 -1.2668090901797964E+00 -4.4162598930110386E-01
  8.0000000000000000E+00  4.0000000000000000E+00  2.5133338178565467E+00  1.4310966677862599E-01  3.6609396702767555E-01  2.7370730000000001E+00  3.3516002301781964E+00 -6.1452723017819633E-01  2.6583098244440290E-01
  8.0000000000000000E+00  1.1500000000000000E+01  1.3748698883614245E+00  1.4310966677862599E-01  3.6609396702767555E-01  1.2316510000000001E+00  1.5831838468952670E+00 -3.5153284689526698E-01 -8.9235402983258805E-01
  8.0000000000000000E+00  1.2000000000000000E+01  4.7878623943962157E+00  1.4310966677862599E-01  3.6609396702767555E-01  0.0000000000000000E+00  6.5059710595610092E+00  0.0000000000000000E+00  0.0000000000000000E+00
  8.0000000000000000E+00  1.3000000000000000E+01  4.4178386477921645E+00  1.4310966677862599E-01  3.6609396702767555E-01  4.3147310000000001E+00  5.8868460553498601E+00 -1.5721150553498600E+00 -6.8198824158258886E-01
  8.0000000000000000E+00  1.6000000000000000E+01  3.4706787788342193E+00  1.4310966677862599E-01  3.6609396702767555E-01  3.3375680000000001E+00  4.3610828201514744E+00 -1.0235148201514743E+00 -5.7693986211542780E-01
  8.0000000000000000E+00  2.3500000000000000E+01  1.8985666413638826E+00  1.4310966677862599E-01  3.6609396702767555E-01  1.9906040000000000E+00  2.0600296579730157E+00 -6.9425657973015698E-02  4.5123261203743231E-01
  8.0000000000000000E+00  2.4000000000000000E+01  5.2909156642364152E+00  1.4310966677862599E-01  3.6609396702767555E-01  0.0000000000000000E+00  6.9595608260080724E+00  0.0000000000000000E+00  0.0000000000000000E+00
  8.0000000000000000E+00  2.5000000000000000E+01  4.8820140969444612E+00  1.4310966677862599E-01  3.6609396702767555E-01  4.8859320000000004E+00  6.2972710484693550E+00 -1.4113390484693547E+00 -4.1163092750048036E-01
  8.0000000000000000E+00  3.0000000000000000E+01  3.2654270007227253E+00  1.4310966677862599E-01  3.6609396702767555E-01  3.2405529999999998E+00  3.8194879634173859E+00 -5.7893496341738615E-01 -1.1666861521443135E-01
  8.0000000000000000E+00  4.8000000000000000E+01  7.6765732921598240E-01  1.4310966677862599E-01  3.6609396702767555E-01  7.9736799999999997E-01  6.3135711392862681E-01  1.6601088607137315E-01  8.0505922598608026E-01
  9.0000000000000000E+00  0.0000000000000000E+00  3.4698541956131259E+00 -7.6928411596812940E-01  3.6532533791343158E-01  0.0000000000000000E+00  4.9999999999999982E+00  0.0000000000000000E+00  0.0000000000000000E+00
  9.0000000000000000E+00  1.0000000000000000E+00  3.3450082986140526E+00 -7.6928411596812940E-01  3.6532533791343158E-01  3.3676290000000000E+00  4.5241870901797965E+00 -1.1565580901797965E+00  3.8177115529254979E-01
  9.0000000000000000E+00  4.0000000000000000E+00  2.9967817844351421E+00 -7.6928411596812940E-01  3.6532533791343158E-01  2.9456050000000000E+00  3.3516002301781964E+00 -4.0599523017819639E-01 -6.8917576907894329E-01
  9.0000000000000000E+00  1.1500000000000000E+01  2.2766691462253434E+00 -7.6928411596812940E-01  3.6532533791343158E-01  2.2810440000000001E+00  1.5831838468952670E+00  6.9786015310473304E-01 -2.3395422293080141E+00
  9.0000000000000000E+00  1.2000000000000000E+01  5.7051906911290988E+00 -7.6928411596812940E-01  3.6532533791343158E-01  0.0000000000000000E+00  6.5059710595610092E+00  0.0000000000000000E+00  0.0000000000000000E+00
  9.0000000000000000E+00  1.3000000000000000E+01  5.4999170371855746E+00 -7.6928411596812940E-01  3.6532533791343158E-01  5.2102399999999998E+00  5.8868460553498601E+00 -6.7660605534986029E-01 -6.4042686961345763E-01
  9.0000000000000000E+00  1.6000000000000000E+01  4.9273573401211834E+00 -7.6928411596812940E-01  3.6532533791343158E-01  5.0179239999999998E+00  4.3610828201514744E+00  6.5684117984852541E-01 -4.5306107931811002E-01
  9.0000000000000000E+00  2.3500000000000000E+01  3.7433364307489367E+00 -7.6928411596812940E-01  3.6532533791343158E-01  3.7650730000000001E+00  2.0600296579730157E+00  1.7050433420269844E+00 -9.8734654688617685E-01
  9.0000000000000000E+00  2.4000000000000000E+01  7.1452308099625954E+00 -7.6928411596812940E-01  3.6532533791343158E-01  0.0000000000000000E+00  6.9595608260080724E+00  0.0000000000000000E+00  0.0000000000000000E+00
  9.0000000000000000E+00  2.5000000000000000E+01  6.8881442871735388E+00 -7.6928411596812940E-01  3.6532533791343158E-01  7.4595940000000001E+00  6.2972710484693550E+00  1.1623229515306450E+00  1.1818774425326954E+00
  9.0000000000000000E+00  3.0000000000000000E+01  5.7349825870033202E+00 -7.6928411596812940E-01  3.6532533791343158E-01  5.7221810000000000E+00  3.8194879634173859E+00  1.9026930365826140E+00  1.0587773613441875E-02
  9.0000000000000000E+00  4.8000000000000000E+01  2.9653750401616366E+00 -7.6928411596812940E-01  3.6532533791343158E-01  3.1223730000000001E+00  6.3135711392862681E-01  2.4910158860713731E+00  7.8892162139379955E+00
  1.0000000000000000E+01  0.0000000000000000E+00  3.4731236413241611E+00 -9.8405077171699828E-02  3.6438353857905820E-01  0.0000000000000000E+00  4.9999999999999982E+00  0.0000000000000000E+00  0.0000000000000000E+00
  1.0000000000000000E+01  1.0000000000000000E+00  3.2607319475788152E+00 -9.8405077171699828E-02  3.6438353857905820E-01  3.2445900000000001E+00  4.5241870901797965E+00 -1.2795970901797964E+00 -5.1863345449130116E-01
  1.0000000000000000E+01  4.0000000000000000E+00  2.6983585787067708E+00 -9.8405077171699828E-02  3.6438353857905820E-01  2.5065480000000000E+00  3.3516002301781964E+00 -8.4505223017819642E-01 -9.3285881399336190E-01
  1.0000000000000000E+01  1.1500000000000000E+01  1.6809742822377840E+00 -9.8405077171699828E-02  3.6438353857905820E-01  1.6401859999999999E+00  1.5831838468952670E+00  5.7002153104732889E-02 -4.8957810919043099E-01
  1.0000000000000000E+01  1.2000000000000000E+01  5.1018888959860993E+00 -9.8405077171699828E-02  3.6438353857905820E-01  0.0000000000000000E+00  6.5059710595610092E+00  0.0000000000000000E+00  0.0000000000000000E+00
  1.0000000000000000E+01  1.3000000000000000E+01  4.7898934314347921E+00 -9.8405077171699828E-02  3.6438353857905820E-01  5.5700200000000004E+00  5.8868460553498601E+00 -3.1682605534985964E-01  8.7716650326238366E-01
  1.0000000000000000E+01  1.6000000000000000E+01  3.9637879591422247E+00 -9.8405077171699828E-02  3.6438353857905820E-01  3.9924439999999999E+00  4.3610828201514744E+00 -3.6863882015147453E-01 -1.2564554416753720E-01
  1.0000000000000000E+01  2.3500000000000000E+01  2.4692884304335965E+00 -9.8405077171699828E-02  3.6438353857905820E-01  2.7346610000000000E+00  2.0600296579730157E+00  6.7463134202698427E-01  1.3071438648803457E+00
  1.0000000000000000E+01  2.4000000000000000E+01  5.8657189604356716E+00 -9.8405077171699828E-02  3.6438353857905820E-01  0.0000000000000000E+00  6.9595608260080724E+00  0.0000000000000000E+00  0.0000000000000000E+00
  1.0000000000000000E+01  2.5000000000000000E+01  5.5070130479199468E+00 -9.8405077171699828E-02  3.6438353857905820E-01  5.2738940000000003E+00  6.2972710484693550E+00 -1.0233770484693547E+00 -5.2272817069226762E-01
  1.0000000000000000E+01  3.0000000000000000E+01  4.0168940523363608E+00 -9.8405077171699828E-02  3.6438353857905820E-01  3.2476029999999998E+00  3.8194879634173859E+00 -5.7188496341738615E-01 -1.5814351434126579E+00
  1.0000000000000000E+01  4.8000000000000000E+01  1.2900238961502852E+00 -9.8405077171699828E-02  3.6438353857905820E-01  1.3313269999999999E+00  6.3135711392862681E-01  6.9996988607137312E-01  2.1669628295537211E+00
  1.1000000000000000E+01  0.0000000000000000E+00  6.0348228889856737E+00  6.5973210179260777E-01 -1.8810859437500660E-01  0.0000000000000000E+00  4.9999999999999982E+00  0.0000000000000000E+00  0.0000000000000000E+00
  1.1000000000000000E+01  1.0000000000000000E+00  4.6359377988366530E+00  6.5973210179260777E-01 -1.8810859437500660E-01  4.8760019999999997E+00  4.5241870901797965E+00  3.5181490982020325E-01  1.1690508710783436E+00
  1.1000000000000000E+01  4.0000000000000000E+00  2.1016326880687006E+00  6.5973210179260777E-01 -1.8810859437500660E-01  2.4708060000000001E+00  3.3516002301781964E+00 -8.8079423017819636E-01 -4.9811171812398547E-01
  1.1000000000000000E+01  1.1500000000000000E+01  2.9080699626805750E-01  6.5973210179260777E-01 -1.8810859437500660E-01  2.9842400000000002E-01  1.5831838468952670E+00 -1.2847598468952670E+00 -1.5937350086174145E+00
  1.1000000000000000E+01  1.2000000000000000E+01  6.2897061919195423E+00  6.5973210179260777E-01 -1.8810859437500660E-01  0.0000000000000000E+00  6.5059710595610092E+00  0.0000000000000000E+00  0.0000000000000000E+00
  1.1000000000000000E+01  1.3000000000000000E+01  4.8317385969876758E+00  6.5973210179260777E-01 -1.8810859437500660E-01  4.5100220000000002E+00  5.8868460553498601E+00 -1.3768240553498599E+00 -4.8468422652498411E-01
  1.1000000000000000E+01  1.6000000000000000E+01  2.1903960355509282E+00  6.5973210179260777E-01 -1.8810859437500660E-01  2.0186470000000001E+00  4.3610828201514744E+00 -2.3424358201514743E+00 -1.7689894321937711E+00
  1.1000000000000000E+01  2.3500000000000000E+01  3.0308935303122975E-01  6.5973210179260777E-01 -1.8810859437500660E-01  2.9054300000000000E-01  2.0600296579730157E+00 -1.7694866579730157E+00 -6.7865047114907850E-01
  1.1000000000000000E+01  2.4000000000000000E+01  6.3004712962663572E+00  6.5973210179260777E-01 -1.8810859437500660E-01  0.0000000000000000E+00  6.9595608260080724E+00  0.0000000000000000E+00  0.0000000000000000E+00
  1.1000000000000000E+01  2.5000000000000000E+01  4.8400083266993628E+00  6.5973210179260777E-01 -1.8810859437500660E-01  5.1435399999999998E+00  6.2972710484693550E+00 -1.1537310484693553E+00  6.6648638930408854E-01
  1.1000000000000000E+01  3.0000000000000000E+01  1.2948261629853046E+00  6.5973210179260777E-01 -1.8810859437500660E-01  1.0769540000000000E+00  3.8194879634173859E+00 -2.7425339634173858E+00 -1.6601779390017029E+00
  1.1000000000000000E+01  4.8000000000000000E+01  1.1238976219535686E-02  6.5973210179260777E-01 -1.8810859437500660E-01  1.1720000000000000E-02  6.3135711392862681E-01 -6.1963711392862686E-01  3.1286287806151072E+00
  1.2000000000000000E+01  0.0000000000000000E+00  4.9941207641815000E+00  3.1293714708765985E-01  1.1765390143693990E-03  0.0000000000000000E+00  4.9999999999999982E+00  0.0000000000000000E+00  0.0000000000000000E+00
  1.2000000000000000E+01  1.0000000000000000E+00  4.3410115366000710E+00  3.1293714708765985E-01  1.1765390143693990E-03  4.6048770000000001E+00  4.5241870901797965E+00  8.0689909820203631E-02  6.8039622860156501E-01
  1.2000000000000000E+01  4.0000000000000000E+00  2.8509305659599153E+00  3.1293714708765985E-01  1.1765390143693990E-03  2.6097959999999998E+00  3.3516002301781964E+00 -7.4180423017819663E-01 -9.2300747579692777E-01
  1.2000000000000000E+01  1.1500000000000000E+01  9.9649675970838003E-01  3.1293714708765985E-01  1.1765390143693990E-03  1.0094160000000001E+00  1.5831838468952670E+00 -5.7376784689526694E-01 -4.3188645709245232E-01
  1.2000000000000000E+01  1.2000000000000000E+01  5.9231766539485422E+00  3.1293714708765985E-01  1.1765390143693990E-03  0.0000000000000000E+00  6.5059710595610092E+00  0.0000000000000000E+00  0.0000000000000000E+00
  1.2000000000000000E+01  1.3000000000000000E+01  5.1485695685464536E+00  3.1293714708765985E-01  1.1765390143693990E-03  5.3344810000000003E+00  5.8868460553498601E+00 -5.5236505534985980E-01  1.7933302566689210E-01
  1.2000000000000000E+01  1.6000000000000000E+01  3.3812889530895553E+00  3.1293714708765985E-01  1.1765390143693990E-03  2.9560080000000002E+00  4.3610828201514744E+00 -1.4050748201514742E+00 -1.3000061441019692E+00
  1.2000000000000000E+01  2.3500000000000000E+01  1.1818749729027451E+00  3.1293714708765985E-01  1.1765390143693990E-03  1.2779780000000001E+00  2.0600296579730157E+00 -7.8205165797301568E-01 -3.5318813549070960E-02
  1.2000000000000000E+01  2.4000000000000000E+01  6.0960088474552387E+00  3.1293714708765985E-01  1.1765390143693990E-03  0.0000000000000000E+00  6.9595608260080724E+00  0.0000000000000000E+00  0.0000000000000000E+00
  1.2000000000000000E+01  2.5000000000000000E+01  5.2987995251965767E+00  3.1293714708765985E-01  1.1765390143693990E-03  5.1638820000000001E+00  6.2972710484693550E+00 -1.1333890484693550E+00 -3.7128525867298173E-01
  1.2000000000000000E+01  3.0000000000000000E+01  2.6292809155007917E+00  3.1293714708765985E-01  1.1765390143693990E-03  2.9010980000000002E+00  3.8194879634173859E+00 -9.1838996341738577E-01  2.3020119030992581E-01
  1.2000000000000000E+01  4.8000000000000000E+01  2.1096537919114494E-01  3.1293714708765985E-01  1.1765390143693990E-03  2.0481099999999999E-01  6.3135711392862681E-01 -4.2654611392862685E-01  2.7101465097397170E-01
  1.3000000000000000E+01  0.0000000000000000E+00  3.5203627718954640E+00  3.4509406885129096E-01  3.5087386793685654E-01  0.0000000000000000E+00  4.9999999999999982E+00  0.0000000000000000E+00  0.0000000000000000E+00
  1.3000000000000000E+01  1.0000000000000000E+00  3.1770476928126810E+00  3.4509406885129096E-01  3.5087386793685654E-01  2.5703580000000001E+00  4.5241870901797965E+00 -1.9538290901797963E+00 -1.7833265235534783E+00
  1.3000000000000000E+01  4.0000000000000000E+00  2.3352462240072276E+00  3.4509406885129096E-01  3.5087386793685654E-01  2.7536220000000000E+00  3.3516002301781964E+00 -5.9797823017819640E-01  8.9575327657025139E-01
  1.3000000000000000E+01  1.1500000000000000E+01  1.0816955396268202E+00  3.4509406885129096E-01  3.5087386793685654E-01  1.0896889999999999E+00  1.5831838468952670E+00 -4.9349484689526713E-01  4.8733050056357252E-02
  1.3000000000000000E+01  1.2000000000000000E+01  4.5479606439407618E+00  3.4509406885129096E-01  3.5087386793685654E-01  0.0000000000000000E+00  6.5059710595610092E+00  0.0000000000000000E+00  0.0000000000000000E+00
  1.3000000000000000E+01  1.3000000000000000E+01  4.1044315052380433E+00  3.4509406885129096E-01  3.5087386793685654E-01  3.8375830000000000E+00  5.8868460553498601E+00 -2.0492630553498601E+00 -9.4420298471472797E-01
  1.3000000000000000E+01  1.6000000000000000E+01  3.0169072362328455E+00  3.4509406885129096E-01  3.5087386793685654E-01  3.4288639999999999E+00  4.3610828201514744E+00 -9.3221882015147450E-01  5.9677274999286756E-01
  1.3000000000000000E+01  2.3500000000000000E+01  1.3974436902422525E+00  3.4509406885129096E-01  3.5087386793685654E-01  1.1845619999999999E+00  2.0600296579730157E+00 -8.7546765797301584E-01 -8.3131754556885951E-01
  1.3000000000000000E+01  2.4000000000000000E+01  4.8479176242446602E+00  3.4509406885129096E-01  3.5087386793685654E-01  0.0000000000000000E+00  6.9595608260080724E+00  0.0000000000000000E+00  0.0000000000000000E+00
  1.3000000000000000E+01  2.5000000000000000E+01  4.3751358882708322E+00  3.4509406885129096E-01  3.5087386793685654E-01  4.7554069999999999E+00  6.2972710484693550E+00 -1.5418640484693551E+00  9.6910130665630853E-02
  1.3000000000000000E+01  3.0000000000000000E+01  2.6192268856131209E+00  3.4509406885129096E-01  3.5087386793685654E-01  2.1120079999999999E+00  3.8194879634173859E+00 -1.7074799634173861E+00 -1.3762866327620717E+00
  1.3000000000000000E+01  4.8000000000000000E+01  4.1307297729077869E-01  3.4509406885129096E-01  3.5087386793685654E-01  4.4114999999999999E-01  6.3135711392862681E-01 -1.9020711392862683E-01  4.9725981295254118E-01
  1.4000000000000000E+01  0.0000000000000000E+00  3.4950682920579874E+00  7.9958625476397505E-01  3.5808499700847379E-01  0.0000000000000000E+00  4.9999999999999982E+00  0.0000000000000000E+00  0.0000000000000000E+00
  1.4000000000000000E+01  1.0000000000000000E+00  2.8994996243074933E+00  7.9958625476397505E-01  3.5808499700847379E-01  3.3018269999999998E+00  4.5241870901797965E+00 -1.2223600901797966E+00  3.9509363164413830E-01
  1.4000000000000000E+01  4.0000000000000000E+00  1.6554849197374857E+00  7.9958625476397505E-01  3.5808499700847379E-01  1.7382080000000000E+00  3.3516002301781964E+00 -1.6133922301781964E+00 -6.1081780640142269E-01
  1.4000000000000000E+01  1.1500000000000000E+01  4.0778444869904840E-01  7.9958625476397505E-01  3.5808499700847379E-01  4.3049999999999999E-01  1.5831838468952670E+00 -1.1526838468952669E+00 -5.4292479458964282E-01
  1.4000000000000000E+01  1.2000000000000000E+01  3.8664874959905569E+00  7.9958625476397505E-01  3.5808499700847379E-01  0.0000000000000000E+00  6.5059710595610092E+00  0.0000000000000000E+00  0.0000000000000000E+00
  1.4000000000000000E+01  1.3000000000000000E+01  3.2076280361929586E+00  7.9958625476397505E-01  3.5808499700847379E-01  2.9705480000000000E+00  5.8868460553498601E+00 -2.9162980553498601E+00 -1.0949712177503204E+00
  1.4000000000000000E+01  1.6000000000000000E+01  1.8314124952897259E+00  7.9958625476397505E-01  3.5808499700847379E-01  1.3657090000000001E+00  4.3610828201514744E+00 -2.9953738201514746E+00 -1.8680499760701545E+00
  1.4000000000000000E+01  2.3500000000000000E+01  4.5111950331187228E-01  7.9958625476397505E-01  3.5808499700847379E-01  4.2785400000000001E-01  2.0600296579730157E+00 -1.6321756579730158E+00 -3.9193777853008027E-01
  1.4000000000000000E+01  2.4000000000000000E+01  3.9059580337661362E+00  7.9958625476397505E-01  3.5808499700847379E-01  0.0000000000000000E+00  6.9595608260080724E+00  0.0000000000000000E+00  0.0000000000000000E+00
  1.4000000000000000E+01  2.5000000000000000E+01  3.2403726923450478E+00  7.9958625476397505E-01  3.5808499700847379E-01  3.2067839999999999E+00  6.2972710484693550E+00 -3.0904870484693552E+00 -6.8409609043460706E-01
  1.4000000000000000E+01  3.0000000000000000E+01  1.2733034541868085E+00  7.9958625476397505E-01  3.5808499700847379E-01  1.3155049999999999E+00  3.8194879634173859E+00 -2.5039829634173860E+00 -5.1020614503213202E-01
  1.4000000000000000E+01  4.8000000000000000E+01  4.4110801632094562E-02  7.9958625476397505E-01  3.5808499700847379E-01  4.5855000000000000E-02  6.3135711392862681E-01 -5.8550211392862683E-01  1.3601745976089026E+00
  1.5000000000000000E+01  0.0000000000000000E+00  5.1569685178946392E+00  1.3635712747722642E-01 -3.0910997883615517E-02  0.0000000000000000E+00  4.9999999999999982E+00  0.0000000000000000E+00  0.0000000000000000E+00
  1.5000000000000000E+01  1.0000000000000000E+00  4.5794471797038678E+00  1.3635712747722642E-01 -3.0910997883615517E-02  4.9386150000000004E+00  4.5241870901797965E+00  4.1442790982020394E-01  6.8331783625392939E-01
  1.5000000000000000E+01  4.0000000000000000E+00  3.2067771187235512E+00  1.3635712747722642E-01 -3.0910997883615517E-02  3.0261380000000000E+00  3.3516002301781964E+00 -3.2546223017819642E-01 -6.3333421244118993E-01
  1.5000000000000000E+01  1.1500000000000000E+01  1.3158551394490416E+00  1.3635712747722642E-01 -3.0910997883615517E-02  1.5144290000000000E+00  1.5831838468952670E+00 -6.8754846895267008E-02  1.0808738150720745E+00
  1.5000000000000000E+01  1.2000000000000000E+01  6.3969561917628068E+00  1.3635712747722642E-01 -3.0910997883615517E-02  0.0000000000000000E+00  6.5059710595610092E+00  0.0000000000000000E+00  0.0000000000000000E+00
  1.5000000000000000E+01  1.3000000000000000E+01  5.6805704532431447E+00  1.3635712747722642E-01 -3.0910997883615517E-02  6.0537630000000000E+00  5.8868460553498601E+00  1.6691694465013995E-01  5.3352200131824790E-01
  1.5000000000000000E+01  1.6000000000000000E+01  3.9778433151259005E+00  1.3635712747722642E-01 -3.0910997883615517E-02  3.8796210000000002E+00  4.3610828201514744E+00 -4.8146182015147421E-01 -2.9930985806664168E-01
  1.5000000000000000E+01  2.3500000000000000E+01  1.6322511282651644E+00  1.3635712747722642E-01 -3.0910997883615517E-02  1.4861800000000001E+00  2.0600296579730157E+00 -5.7384965797301568E-01 -5.4111115862209047E-01
  1.5000000000000000E+01  2.4000000000000000E+01  6.6951099280149542E+00  1.3635712747722642E-01 -3.0910997883615517E-02  0.0000000000000000E+00  6.9595608260080724E+00  0.0000000000000000E+00  0.0000000000000000E+00
  1.5000000000000000E+01  2.5000000000000000E+01  5.9453343900134028E+00  1.3635712747722642E-01 -3.0910997883615517E-02  5.5358229999999997E+00  6.2972710484693550E+00 -7.6144804846935532E-01 -6.8828738936527567E-01
  1.5000000000000000E+01  3.0000000000000000E+01  3.2829869478654050E+00  1.3635712747722642E-01 -3.0910997883615517E-02  3.1465169999999998E+00  3.8194879634173859E+00 -6.7297096341738616E-01 -3.4637472798155322E-01
  1.5000000000000000E+01  4.8000000000000000E+01  3.8708245604560243E-01  1.3635712747722642E-01 -3.0910997883615517E-02  3.9510099999999998E-01  6.3135711392862681E-01 -2.3625611392862683E-01  4.6903781557542823E-01
  1.6000000000000000E+01  0.0000000000000000E+00  2.7330840563289840E+00  1.2437366272571704E-01  6.0400724989490540E-01  0.0000000000000000E+00  4.9999999999999982E+00  0.0000000000000000E+00  0.0000000000000000E+00
  1.6000000000000000E+01  1.0000000000000000E+00  2.5684041146385872E+00  1.2437366272571704E-01  6.0400724989490540E-01  2.2913910000000000E+00  4.5241870901797965E+00 -2.2327960901797965E+00 -1.3112501050579515E+00
  1.6000000000000000E+01  4.0000000000000000E+00  2.1315447854199907E+00  1.2437366272571704E-01  6.0400724989490540E-01  2.3013970000000001E+00  3.3516002301781964E+00 -1.0502032301781963E+00 -8.1285326468046773E-02
  1.6000000000000000E+01  1.1500000000000000E+01  1.3374335835344322E+00  1.2437366272571704E-01  6.0400724989490540E-01  1.1731730000000000E+00  1.5831838468952670E+00 -4.1001084689526701E-01 -1.2792950076412370E+00
  1.6000000000000000E+01  1.2000000000000000E+01  4.0295986467017100E+00  1.2437366272571704E-01  6.0400724989490540E-01  0.0000000000000000E+00  6.5059710595610092E+00  0.0000000000000000E+00  0.0000000000000000E+00
  1.6000000000000000E+01  1.3000000000000000E+01  3.7867981852091854E+00  1.2437366272571704E-01  6.0400724989490540E-01  4.3690140000000000E+00  5.8868460553498601E+00 -1.5178320553498601E+00  2.4090529878570230E-01
  1.6000000000000000E+01  1.6000000000000000E+01  3.1427024583537300E+00  1.2437366272571704E-01  6.0400724989490540E-01  2.7966020000000000E+00  4.3610828201514744E+00 -1.5644808201514744E+00 -1.2130553859005377E+00
  1.6000000000000000E+01  2.3500000000000000E+01  1.9718824767879914E+00  1.2437366272571704E-01  6.0400724989490540E-01  2.0863550000000002E+00  2.0600296579730157E+00  2.6325342026984444E-02  4.9277884728084653E-01
  1.6000000000000000E+01  2.4000000000000000E+01  4.6446364751785891E+00  1.2437366272571704E-01  6.0400724989490540E-01  0.0000000000000000E+00  6.9595608260080724E+00  0.0000000000000000E+00  0.0000000000000000E+00
  1.6000000000000000E+01  2.5000000000000000E+01  4.3647773679790589E+00  1.2437366272571704E-01  6.0400724989490540E-01  4.3822530000000004E+00  6.2972710484693550E+00 -1.9150180484693546E+00 -5.0239262727848433E-01
  1.6000000000000000E+01  3.0000000000000000E+01  3.1989977774337919E+00  1.2437366272571704E-01  6.0400724989490540E-01  3.0342500000000001E+00  3.8194879634173859E+00 -7.8523796341738583E-01 -4.4609872849635390E-01
  1.6000000000000000E+01  4.8000000000000000E+01  1.0452028085792942E+00  1.2437366272571704E-01  6.0400724989490540E-01  1.0909590000000000E+00  6.3135711392862681E-01  4.5960188607137320E-01  1.9009402309979246E+00
  1.7000000000000000E+01  0.0000000000000000E+00  6.0100448180583950E+00 -1.1434222510554265E-01 -1.8399429333286410E-01  0.0000000000000000E+00  4.9999999999999982E+00  0.0000000000000000E+00  0.0000000000000000E+00
  1.7000000000000000E+01  1.0000000000000000E+00  5.3971676015687775E+00 -1.1434222510554265E-01 -1.8399429333286410E-01  5.3877870000000003E+00  4.5241870901797965E+00  8.6359990982020385E-01  7.8217470010704304E-01
  1.7000000000000000E+01  4.0000000000000000E+00  3.9086833323299874E+00 -1.1434222510554265E-01 -1.8399429333286410E-01  3.7430490000000001E+00  3.3516002301781964E+00  3.9144876982180365E-01 -8.0044221874539301E-02
  1.7000000000000000E+01  1.1500000000000000E+01  1.7445842295427341E+00 -1.1434222510554265E-01 -1.8399429333286410E-01  1.7633179999999999E+00  1.5831838468952670E+00  1.8013415310473291E-01 -2.4870865461371799E-01
  1.7000000000000000E+01  1.2000000000000000E+01  7.6632853314127090E+00 -1.1434222510554265E-01 -1.8399429333286410E-01  0.0000000000000000E+00  6.5059710595610092E+00  0.0000000000000000E+00  0.0000000000000000E+00
  1.7000000000000000E+01  1.3000000000000000E+01  6.8818181168971213E+00 -1.1434222510554265E-01 -1.8399429333286410E-01  5.5724380000000000E+00  5.8868460553498601E+00 -3.1440805534986005E-01 -1.6293067688072236E+00
  1.7000000000000000E+01  1.6000000000000000E+01  4.9838822425717737E+00 -1.1434222510554265E-01 -1.8399429333286410E-01  4.3959669999999997E+00  4.3610828201514744E+00  3.4884179848525321E-02 -1.1696370684225432E+00
  1.7000000000000000E+01  2.3500000000000000E+01  2.2244837002709485E+00 -1.1434222510554265E-01 -1.8399429333286410E-01  2.4290650000000000E+00  2.0600296579730157E+00  3.6903534202698429E-01  2.3949581748265128E-01
  1.7000000000000000E+01  2.4000000000000000E+01  8.1180580124389099E+00 -1.1434222510554265E-01 -1.8399429333286410E-01  0.0000000000000000E+00  6.9595608260080724E+00  0.0000000000000000E+00  0.0000000000000000E+00
  1.7000000000000000E+01  2.5000000000000000E+01  7.2902151346262061E+00 -1.1434222510554265E-01 -1.8399429333286410E-01  8.4032070000000001E+00  6.2972710484693550E+00  2.1059359515306451E+00  2.0724468525562245E+00
  1.7000000000000000E+01  3.0000000000000000E+01  4.2577613452509011E+00 -1.1434222510554265E-01 -1.8399429333286410E-01  4.9918849999999999E+00  3.8194879634173859E+00  1.1723970365826140E+00  1.4917022617837150E+00
  1.7000000000000000E+01  4.8000000000000000E+01  6.1428344027487047E-01 -1.1434222510554265E-01 -1.8399429333286410E-01  5.6446399999999997E-01  6.3135711392862681E-01 -6.6893113928626846E-02 -1.4092965253063487E+00
  1.8000000000000000E+01  0.0000000000000000E+00  3.8356544538449318E+00 -4.1983350589483792E-01  2.6509783928135700E-01  0.0000000000000000E+00  4.9999999999999982E+00  0.0000000000000000E+00  0.0000000000000000E+00
  1.8000000000000000E+01  1.0000000000000000E+00  3.6393697703807990E+00 -4.1983350589483792E-01  2.6509783928135700E-01  3.5004160000000000E+00  4.5241870901797965E+00 -1.0237710901797965E+00 -4.5216558384654437E-01
  1.8000000000000000E+01  4.0000000000000000E+00  3.1087536404041725E+00 -4.1983350589483792E-01  2.6509783928135700E-01  3.3042490000000000E+00  3.3516002301781964E+00 -4.7351230178196424E-02  2.6715575764994359E-01
  1.8000000000000000E+01  1.1500000000000000E+01  2.0964601685053106E+00 -4.1983350589483792E-01  2.6509783928135700E-01  2.0338430000000001E+00  1.5831838468952670E+00  4.5065915310473303E-01 -1.0051516227603505E+00
  1.8000000000000000E+01  1.2000000000000000E+01  5.8777683912554357E+00 -4.1983350589483792E-01  2.6509783928135700E-01  0.0000000000000000E+00  6.5059710595610092E+00  0.0000000000000000E+00  0.0000000000000000E+00
  1.8000000000000000E+01  1.3000000000000000E+01  5.5769811535008582E+00 -4.1983350589483792E-01  2.6509783928135700E-01  6.6270930000000003E+00  5.8868460553498601E+00  7.4024694465014029E-01  1.5919448888482630E+00
  1.8000000000000000E+01  1.6000000000000000E+01  4.7638634041841748E+00 -4.1983350589483792E-01  2.6509783928135700E-01  3.7105660000000000E+00  4.3610828201514744E+00 -6.5051682015147438E-01 -2.3705573836255827E+00
  1.8000000000000000E+01  2.3500000000000000E+01  3.2126218511717721E+00 -4.1983350589483792E-01  2.6509783928135700E-01  3.4295260000000001E+00  2.0600296579730157E+00  1.3694963420269843E+00  1.0953669385450566E+00
  1.8000000000000000E+01  2.4000000000000000E+01  6.9649959774593784E+00 -4.1983350589483792E-01  2.6509783928135700E-01  0.0000000000000000E+00  6.9595608260080724E+00  0.0000000000000000E+00  0.0000000000000000E+00
  1.8000000000000000E+01  2.5000000000000000E+01  6.6085712663141543E+00 -4.1983350589483792E-01  2.6509783928135700E-01  6.6798140000000004E+00  6.2972710484693550E+00  3.8254295153064533E-01  3.6056053505763280E-01
  1.8000000000000000E+01  3.0000000000000000E+01  5.0820755485485485E+00 -4.1983350589483792E-01  2.6509783928135700E-01  4.4137849999999998E+00  3.8194879634173859E+00  5.9429703658261390E-01 -1.0372517675030557E+00
  1.8000000000000000E+01  4.8000000000000000E+01  1.9742486857496968E+00 -4.1983350589483792E-01  2.6509783928135700E-01  2.1003400000000001E+00  6.3135711392862681E-01  1.4689828860713732E+00  4.7014820936811095E+00
  1.9000000000000000E+01  0.0000000000000000E+00  4.5266500712929956E+00 -2.5278535398066787E-01  9.9455745113947974E-02  0.0000000000000000E+00  4.9999999999999982E+00  0.0000000000000000E+00  0.0000000000000000E+00
  1.9000000000000000E+01  1.0000000000000000E+00  4.2147296529678142E+00 -2.5278535398066787E-01  9.9455745113947974E-02  3.8293770000000000E+00  4.5241870901797965E+00 -6.9481009017979645E-01 -7.0191891145264884E-01
  1.9000000000000000E+01  4.0000000000000000E+00  3.4021082008488368E+00 -2.5278535398066787E-01  9.9455745113947974E-02  2.6823910000000000E+00  3.3516002301781964E+00 -6.6920923017819645E-01 -2.2215344340068794E+00
  1.9000000000000000E+01  1.1500000000000000E+01  1.9915633226056775E+00 -2.5278535398066787E-01  9.9455745113947974E-02  1.8954569999999999E+00  1.5831838468952670E+00  3.1227315310473291E-01 -1.1535228812687668E+00
  1.9000000000000000E+01  1.2000000000000000E+01  6.4483718827459136E+00 -2.5278535398066787E-01  9.9455745113947974E-02  0.0000000000000000E+00  6.5059710595610092E+00  0.0000000000000000E+00  0.0000000000000000E+00
  1.9000000000000000E+01  1.3000000000000000E+01  6.0040303004490712E+00 -2.5278535398066787E-01  9.9455745113947974E-02  6.2125199999999996E+00  5.8868460553498601E+00  3.2567394465013955E-01  2.8771569208295417E-01
  1.9000000000000000E+01  1.6000000000000000E+01  4.8464225241396948E+00 -2.5278535398066787E-01  9.9455745113947974E-02  5.5706059999999997E+00  4.3610828201514744E+00  1.2095231798485253E+00  1.3419592773697562E+00
  1.9000000000000000E+01  2.3500000000000000E+01  2.8370518440649390E+00 -2.5278535398066787E-01  9.9455745113947974E-02  2.9275579999999999E+00  2.0600296579730157E+00  8.6752834202698415E-01 -1.2156202240632952E-01
  1.9000000000000000E+01  2.4000000000000000E+01  7.2642102317347517E+00 -2.5278535398066787E-01  9.9455745113947974E-02  0.0000000000000000E+00  6.9595608260080724E+00  0.0000000000000000E+00  0.0000000000000000E+00
  1.9000000000000000E+01  2.5000000000000000E+01  6.7636512182041244E+00 -2.5278535398066787E-01  9.9455745113947974E-02  7.1358620000000004E+00  6.2972710484693550E+00  8.3859095153064533E-01  5.5645682632281324E-01
  1.9000000000000000E+01  3.0000000000000000E+01  4.7330947952550346E+00 -2.5278535398066787E-01  9.9455745113947974E-02  5.3583720000000001E+00  3.8194879634173859E+00  1.5388840365826142E+00  1.2493723890167598E+00
  1.9000000000000000E+01  4.8000000000000000E+01  1.3092289416737442E+00 -2.5278535398066787E-01  9.9455745113947974E-02  1.2282420000000001E+00  6.3135711392862681E-01  5.9688488607137324E-01 -3.3865582978539610E-01
  2.0000000000000000E+01  0.0000000000000000E+00  1.0566518755673583E+01 -2.5405495768644502E-02 -7.4825248179727311E-01  0.0000000000000000E+00  4.9999999999999982E+00  0.0000000000000000E+00  0.0000000000000000E+00
  2.0000000000000000E+01  1.0000000000000000E+00  8.5988479791427697E+00 -2.5405495768644502E-02 -7.4825248179727311E-01  8.0959710000000005E+00  4.5241870901797965E+00  3.5717839098202040E+00  1.8443865332308844E+00
  2.0000000000000000E+01  4.0000000000000000E+00  4.6340989128006287E+00 -2.5405495768644502E-02 -7.4825248179727311E-01  4.7139069999999998E+00  3.3516002301781964E+00  1.3623067698218034E+00 -1.8067264041132661E-01
  2.0000000000000000E+01  1.1500000000000000E+01  9.8804760604338537E-01 -2.5405495768644502E-02 -7.4825248179727311E-01  1.0070079999999999E+00  1.5831838468952670E+00 -5.7617584689526713E-01 -2.4843554711731812E+00
  2.0000000000000000E+01  1.2000000000000000E+01  1.1457835451461538E+01 -2.5405495768644502E-02 -7.4825248179727311E-01  0.0000000000000000E+00  6.5059710595610092E+00  0.0000000000000000E+00  0.0000000000000000E+00
  2.0000000000000000E+01  1.3000000000000000E+01  9.3241859022157971E+00 -2.5405495768644502E-02 -7.4825248179727311E-01  8.8356169999999992E+00  5.8868460553498601E+00  2.9487709446501391E+00  8.8919436550574582E-01
  2.0000000000000000E+01  1.6000000000000000E+01  5.0249986808717555E+00 -2.5405495768644502E-02 -7.4825248179727311E-01  5.2258750000000003E+00  4.3610828201514744E+00  8.6479217984852585E-01 -3.8883398159176130E-01
  2.0000000000000000E+01  2.3500000000000000E+01  1.0713923052639236E+00 -2.5405495768644502E-02 -7.4825248179727311E-01  9.6661100000000000E-01  2.0600296579730157E+00 -1.0934186579730159E+00 -2.2043164066284886E+00
  2.0000000000000000E+01  2.4000000000000000E+01  1.1533020616089557E+01 -2.5405495768644502E-02 -7.4825248179727311E-01  0.0000000000000000E+00  6.9595608260080724E+00  0.0000000000000000E+00  0.0000000000000000E+00
  2.0000000000000000E+01  2.5000000000000000E+01  9.3853702729505795E+00 -2.5405495768644502E-02 -7.4825248179727311E-01  1.0184279999999999E+01  6.2972710484693550E+00  3.8870089515306443E+00  2.8205136190557769E+00
  2.0000000000000000E+01  3.0000000000000000E+01  3.3496013664450275E+00 -2.5405495768644502E-02 -7.4825248179727311E-01  3.9015089999999999E+00  3.8194879634173859E+00  8.2021036582613949E-02 -3.6746513243870071E-02
  2.0000000000000000E+01  4.8000000000000000E+01  8.2062226332909674E-02 -2.5405495768644502E-02 -7.4825248179727311E-01  8.1742999999999996E-02  6.3135711392862681E-01 -5.4961411392862680E-01  2.4212708106642888E+00
  2.1000000000000000E+01  0.0000000000000000E+00  5.4126615873755961E+00  3.4473802378348439E-01 -7.9303034929351618E-02  0.0000000000000000E+00  4.9999999999999982E+00  0.0000000000000000E+00  0.0000000000000000E+00
  2.1000000000000000E+01  1.0000000000000000E+00  4.6229785193551489E+00  3.4473802378348439E-01 -7.9303034929351618E-02  4.8736660000000001E+00  4.5241870901797965E+00  3.4947890982020358E-01  6.8168057198256360E-01
  2.1000000000000000E+01  4.0000000000000000E+00  2.8804137643298837E+00  3.4473802378348439E-01 -7.9303034929351618E-02  3.3512450000000000E+00  3.3516002301781964E+00 -3.5523017819638625E-04  9.5889141386178189E-01
  2.1000000000000000E+01  1.1500000000000000E+01  8.8264767743010542E-01  3.4473802378348439E-01 -7.9303034929351618E-02  8.0810999999999999E-01  1.5831838468952670E+00 -7.7507384689526704E-01 -1.0148773298131097E+00
  2.1000000000000000E+01  1.2000000000000000E+01  6.2283849166841012E+00  3.4473802378348439E-01 -7.9303034929351618E-02  0.0000000000000000E+00  6.5059710595610092E+00  0.0000000000000000E+00  0.0000000000000000E+00
  2.1000000000000000E+01  1.3000000000000000E+01  5.3196914706923755E+00  3.4473802378348439E-01 -7.9303034929351618E-02  5.3830489999999998E+00  5.8868460553498601E+00 -5.0379705534986030E-01  1.5895484178826080E-02
  2.1000000000000000E+01  1.6000000000000000E+01  3.3145108656719358E+00  3.4473802378348439E-01 -7.9303034929351618E-02  3.0269550000000001E+00  4.3610828201514744E+00 -1.3341278201514744E+00 -1.0753168028745703E+00
  2.1000000000000000E+01  2.3500000000000000E+01  1.0156684270958545E+00  3.4473802378348439E-01 -7.9303034929351618E-02  1.0388820000000001E+00  2.0600296579730157E+00 -1.0211476579730157E+00 -2.0113088019337522E-01
  2.1000000000000000E+01  2.4000000000000000E+01  6.3513197315134873E+00  3.4473802378348439E-01 -7.9303034929351618E-02  0.0000000000000000E+00  6.9595608260080724E+00  0.0000000000000000E+00  0.0000000000000000E+00
  2.1000000000000000E+01  2.5000000000000000E+01  5.4246906469872140E+00  3.4473802378348439E-01 -7.9303034929351618E-02  4.9914959999999997E+00  6.2972710484693550E+00 -1.3057750484693553E+00 -7.2568694785366672E-01
  2.1000000000000000E+01  3.0000000000000000E+01  2.4656417785013538E+00  3.4473802378348439E-01 -7.9303034929351618E-02  2.4302540000000001E+00  3.8194879634173859E+00 -1.3892339634173858E+00 -4.6737135728532136E-01
  2.1000000000000000E+01  4.8000000000000000E+01  1.4425404258358962E-01  3.4473802378348439E-01 -7.9303034929351618E-02  1.5045300000000000E-01  6.3135711392862681E-01 -4.8090411392862681E-01  1.2882565171984006E+00
  2.2000000000000000E+01  0.0000000000000000E+00  3.0603829534636051E+00  2.4715029654577519E-01  4.9089785610947156E-01  0.0000000000000000E+00  4.9999999999999982E+00  0.0000000000000000E+00  0.0000000000000000E+00
  2.2000000000000000E+01  1.0000000000000000E+00  2.8261459232934270E+00  2.4715029654577519E-01  4.9089785610947156E-01  2.5680610000000001E+00  4.5241870901797965E+00 -1.9561260901797963E+00 -1.1369940026795671E+00
  2.2000000000000000E+01  4.0000000000000000E+00  2.2256199514712587E+00  2.4715029654577519E-01  4.9089785610947156E-01  2.3290000000000002E+00  3.3516002301781964E+00 -1.0226002301781962E+00 -1.2176390054081503E-01
  2.2000000000000000E+01  1.1500000000000000E+01  1.2248758306255223E+00  2.4715029654577519E-01  4.9089785610947156E-01  1.2688320000000000E+00  1.5831838468952670E+00 -3.1435184689526707E-01  6.5251930396036315E-02
  2.2000000000000000E+01  1.2000000000000000E+01  4.2374507260402625E+00  2.4715029654577519E-01  4.9089785610947156E-01  0.0000000000000000E+00  6.5059710595610092E+00  0.0000000000000000E+00  0.0000000000000000E+00
  2.2000000000000000E+01  1.3000000000000000E+01  3.9131227289715320E+00  2.4715029654577519E-01  4.9089785610947156E-01  3.9761500000000001E+00  5.8868460553498601E+00 -1.9106960553498600E+00 -4.9894814306527852E-01
  2.2000000000000000E+01  1.6000000000000000E+01  3.0816257385625692E+00  2.4715029654577519E-01  4.9089785610947156E-01  3.4315460000000000E+00  4.3610828201514744E+00 -9.2953682015147443E-01  3.7667415520350711E-01
  2.2000000000000000E+01  2.3500000000000000E+01  1.6959808810590455E+00  2.4715029654577519E-01  4.9089785610947156E-01  1.5422830000000001E+00  2.0600296579730157E+00 -5.1774665797301567E-01 -6.8764606437910014E-01
  2.2000000000000000E+01  2.4000000000000000E+01  4.6901681023642094E+00  2.4715029654577519E-01  4.9089785610947156E-01  0.0000000000000000E+00  6.9595608260080724E+00  0.0000000000000000E+00  0.0000000000000000E+00
  2.2000000000000000E+01  2.5000000000000000E+01  4.3311898097772197E+00  2.4715029654577519E-01  4.9089785610947156E-01  3.9695630000000000E+00  6.2972710484693550E+00 -2.3277080484693551E+00 -1.0892831863127941E+00
  2.2000000000000000E+01  3.0000000000000000E+01  2.9087155735196650E+00  2.4715029654577519E-01  4.9089785610947156E-01  2.9623499999999998E+00  3.8194879634173859E+00 -8.5713796341738613E-01 -6.6333137157295607E-02
  2.2000000000000000E+01  4.8000000000000000E+01  6.9380879128787087E-01  2.4715029654577519E-01  4.9089785610947156E-01  7.1043199999999995E-01  6.3135711392862681E-01  7.9074886071373141E-02  5.1500600647559613E-01
  2.3000000000000000E+01  0.0000000000000000E+00  2.3070083427919847E+00 -3.1767432575187583E-02  7.7348631695427372E-01  0.0000000000000000E+00  4.9999999999999982E+00  0.0000000000000000E+00  0.0000000000000000E+00
  2.3000000000000000E+01  1.0000000000000000E+00  2.2061367908484306E+00 -3.1767432575187583E-02  7.7348631695427372E-01  2.1250330000000002E+00  4.5241870901797965E+00 -2.3991540901797963E+00 -3.5544936556692086E-01
  2.3000000000000000E+01  4.0000000000000000E+00  1.9292222132452539E+00 -3.1767432575187583E-02  7.7348631695427372E-01  1.6958770000000001E+00  3.3516002301781964E+00 -1.6557232301781963E+00 -1.0785270178663713E+00
  2.3000000000000000E+01  1.1500000000000000E+01  1.3796114660289012E+00 -3.1767432575187583E-02  7.7348631695427372E-01  1.6805120000000000E+00  1.5831838468952670E+00  9.7328153104732973E-02  6.8661796891998983E-01
  2.3000000000000000E+01  1.2000000000000000E+01  3.6561216661586999E+00 -3.1767432575187583E-02  7.7348631695427372E-01  0.0000000000000000E+00  6.5059710595610092E+00  0.0000000000000000E+00  0.0000000000000000E+00
  2.3000000000000000E+01  1.3000000000000000E+01  3.4962615305366698E+00 -3.1767432575187583E-02  7.7348631695427372E-01  3.1014379999999999E+00  5.8868460553498601E+00 -2.7854080553498601E+00 -1.0957848841159872E+00
  2.3000000000000000E+01  1.6000000000000000E+01  3.0574103274131939E+00 -3.1767432575187583E-02  7.7348631695427372E-01  3.6946360000000000E+00  4.3610828201514744E+00 -6.6644682015147438E-01  9.2959559758860577E-01
  2.3000000000000000E+01  2.3500000000000000E+01  2.1863932081514954E+00 -3.1767432575187583E-02  7.7348631695427372E-01  2.1823299999999999E+00  2.0600296579730157E+00  1.2230034202698414E-01 -4.2454906004224902E-01
  2.3000000000000000E+01  2.4000000000000000E+01  4.4450684270025960E+00 -3.1767432575187583E-02  7.7348631695427372E-01  0.0000000000000000E+00  6.9595608260080724E+00  0.0000000000000000E+00  0.0000000000000000E+00
  2.3000000000000000E+01  2.5000000000000000E+01  4.2507124108538177E+00 -3.1767432575187583E-02  7.7348631695427372E-01  3.2278680000000000E+00  6.2972710484693550E+00 -3.0694030484693551E+00 -1.7812539600852169E+00
  2.3000000000000000E+01  3.0000000000000000E+01  3.3992106905668598E+00 -3.1767432575187583E-02  7.7348631695427372E-01  3.2032180000000001E+00  3.8194879634173859E+00 -6.1626996341738582E-01 -5.1448991472196326E-01
  2.3000000000000000E+01  4.8000000000000000E+01  1.5201168856498493E+00 -3.1767432575187583E-02  7.7348631695427372E-01  1.4851970000000001E+00  6.3135711392862681E-01  8.5383988607137329E-01  2.4718709882609478E+00
  2.4000000000000000E+01  0.0000000000000000E+00  4.0272224250832034E+00 -7.7030671316406651E-01  2.1636099864504657E-01  0.0000000000000000E+00  4.9999999999999982E+00  0.0000000000000000E+00  0.0000000000000000E+00
  2.4000000000000000E+01  1.0000000000000000E+00  3.8596519525608790E+00 -7.7030671316406651E-01  2.1636099864504657E-01  3.8416410000000001E+00  4.5241870901797965E+00 -6.8254609017979639E-01  3.7331105140328358E-01
  2.4000000000000000E+01  4.0000000000000000E+00  3.3976271990523523E+00 -7.7030671316406651E-01  2.1636099864504657E-01  3.2274219999999998E+00  3.3516002301781964E+00 -1.2417823017819662E-01 -9.0680523583776906E-01
  2.4000000000000000E+01  1.1500000000000000E+01  2.4702714405142916E+00 -7.7030671316406651E-01  2.1636099864504657E-01  2.4083000000000001E+00  1.5831838468952670E+00  8.2511615310473307E-01 -2.3878387578328084E+00
  2.4000000000000000E+01  1.2000000000000000E+01  6.4455545270617085E+00 -7.7030671316406651E-01  2.1636099864504657E-01  0.0000000000000000E+00  6.5059710595610092E+00  0.0000000000000000E+00  0.0000000000000000E+00
  2.4000000000000000E+01  1.3000000000000000E+01  6.1773586084452141E+00 -7.7030671316406651E-01  2.1636099864504657E-01  6.6300480000000004E+00  5.8868460553498601E+00  7.4320194465014033E-01  7.5353660126966571E-01
  2.4000000000000000E+01  1.6000000000000000E+01  5.4378897072384653E+00 -7.7030671316406651E-01  2.1636099864504657E-01  5.6947570000000001E+00  4.3610828201514744E+00  1.3336741798485257E+00  8.9307190356451405E-02
  2.4000000000000000E+01  2.3500000000000000E+01  3.9536602615509087E+00 -7.7030671316406651E-01  2.1636099864504657E-01  3.9935440000000000E+00  2.0600296579730157E+00  1.9335143420269842E+00 -7.3103316397104479E-01
  2.4000000000000000E+01  2.4000000000000000E+01  7.8977539683028883E+00 -7.7030671316406651E-01  2.1636099864504657E-01  0.0000000000000000E+00  6.9595608260080724E+00  0.0000000000000000E+00  0.0000000000000000E+00
  2.4000000000000000E+01  2.5000000000000000E+01  7.5691328432091494E+00 -7.7030671316406651E-01  2.1636099864504657E-01  7.1981080000000004E+00  6.2972710484693550E+00  9.0083695153064536E-01 -1.3307098648775084E-01
  2.4000000000000000E+01  3.0000000000000000E+01  6.1201034415290714E+00 -7.7030671316406651E-01  2.1636099864504657E-01  6.5327419999999998E+00  3.8194879634173859E+00  2.7132540365826139E+00  1.0899179176926259E+00
  2.4000000000000000E+01  4.8000000000000000E+01  2.8478968105648659E+00 -7.7030671316406651E-01  2.1636099864504657E-01  2.9522889999999999E+00  6.3135711392862681E-01  2.3209318860713730E+00  6.3498574603817559E+00
  2.5000000000000000E+01  0.0000000000000000E+00  3.6290636552399254E+00  8.2142741826329058E-01  3.2046324364608408E-01  0.0000000000000000E+00  4.9999999999999982E+00  0.0000000000000000E+00  0.0000000000000000E+00
  2.5000000000000000E+01  1.0000000000000000E+00  2.9699313557800160E+00  8.2142741826329058E-01  3.2046324364608408E-01  3.0962950000000000E+00  4.5241870901797965E+00 -1.4278920901797965E+00 -1.1713486886537672E-01
  2.5000000000000000E+01  4.0000000000000000E+00  1.6278031640999802E+00  8.2142741826329058E-01  3.2046324364608408E-01  1.5331200000000000E+00  3.3516002301781964E+00 -1.8184802301781964E+00 -1.2612167331588966E+00
  2.5000000000000000E+01  1.1500000000000000E+01  3.6202668221529583E-01  8.2142741826329058E-01  3.2046324364608408E-01  3.6572700000000002E-01  1.5831838468952670E+00 -1.2174568468952671E+00 -8.9439561984576499E-01
  2.5000000000000000E+01  1.2000000000000000E+01  3.9565675680449854E+00  8.2142741826329058E-01  3.2046324364608408E-01  0.0000000000000000E+00  6.5059710595610092E+00  0.0000000000000000E+00  0.0000000000000000E+00
  2.5000000000000000E+01  1.3000000000000000E+01  3.2379520443606595E+00  8.2142741826329058E-01  3.2046324364608408E-01  3.3777330000000001E+00  5.8868460553498601E+00 -2.5091130553498600E+00 -4.9442700034092379E-01
  2.5000000000000000E+01  1.6000000000000000E+01  1.7747038404630007E+00  8.2142741826329058E-01  3.2046324364608408E-01  1.7070689999999999E+00  4.3610828201514744E+00 -2.6540138201514747E+00 -1.1742178987420866E+00
  2.5000000000000000E+01  2.3500000000000000E+01  3.9469768670267913E-01  8.2142741826329058E-01  3.2046324364608408E-01  3.5198099999999999E-01  2.0600296579730157E+00 -1.7080486579730159E+00 -6.8708922183677079E-01
  2.5000000000000000E+01  2.4000000000000000E+01  3.9861230741182268E+00  8.2142741826329058E-01  3.2046324364608408E-01  0.0000000000000000E+00  6.9595608260080724E+00  0.0000000000000000E+00  0.0000000000000000E+00
  2.5000000000000000E+01  2.5000000000000000E+01  3.2621395022180399E+00  8.2142741826329058E-01  3.2046324364608408E-01  3.2971900000000001E+00  6.2972710484693550E+00 -3.0000810484693550E+00 -6.1151148315905091E-01
  2.5000000000000000E+01  3.0000000000000000E+01  1.1974617703912747E+00  8.2142741826329058E-01  3.2046324364608408E-01  1.2497100000000001E+00  3.8194879634173859E+00 -2.5697779634173861E+00 -7.0001654550364623E-01
  2.5000000000000000E+01  4.8000000000000000E+01  3.2463438483831569E-02  8.2142741826329058E-01  3.2046324364608408E-01  3.4381000000000002E-02  6.3135711392862681E-01 -5.9697611392862682E-01  1.3637678854515918E+00
  2.6000000000000000E+01  0.0000000000000000E+00  6.1772536746055779E+00 -3.1810882125637444E-02 -2.1143587104294775E-01  0.0000000000000000E+00  4.9999999999999982E+00  0.0000000000000000E+00  0.0000000000000000E+00
  2.6000000000000000E+01  1.0000000000000000E+00  5.4803382066843156E+00 -3.1810882125637444E-02 -2.1143587104294775E-01  6.2054309999999999E+00  4.5241870901797965E+00  1.6812439098202034E+00  1.6148428648971533E+00
  2.6000000000000000E+01  4.0000000000000000E+00  3.8268649304866069E+00 -3.1810882125637444E-02 -2.1143587104294775E-01  3.7737240000000001E+00  3.3516002301781964E+00  4.2212376982180366E-01 -1.8112073737352896E-01
  2.6000000000000000E+01  1.1500000000000000E+01  1.5593103698872550E+00 -3.1810882125637444E-02 -2.1143587104294775E-01  1.5888899999999999E+00  1.5831838468952670E+00  5.7061531047328806E-03  2.0547443423703166E-01
  2.6000000000000000E+01  1.2000000000000000E+01  7.6459720528868154E+00 -3.1810882125637444E-02 -2.1143587104294775E-01  0.0000000000000000E+00  6.5059710595610092E+00  0.0000000000000000E+00  0.0000000000000000E+00
  2.6000000000000000E+01  1.3000000000000000E+01  6.7833563223954272E+00 -3.1810882125637444E-02 -2.1143587104294775E-01  7.0769039999999999E+00  5.8868460553498601E+00  1.1900579446501398E+00  6.2043826104727129E-01
  2.6000000000000000E+01  1.6000000000000000E+01  4.7367493468756594E+00 -3.1810882125637444E-02 -2.1143587104294775E-01  4.1941649999999999E+00  4.3610828201514744E+00 -1.6691782015147449E-01 -1.1260020943713023E+00
  2.6000000000000000E+01  2.3500000000000000E+01  1.9300556748943629E+00 -3.1810882125637444E-02 -2.1143587104294775E-01  1.8848020000000001E+00  2.0600296579730157E+00 -1.7522765797301565E-01 -6.4090258239793418E-03
  2.6000000000000000E+01  2.4000000000000000E+01  7.9951779926669726E+00 -3.1810882125637444E-02 -2.1143587104294775E-01  0.0000000000000000E+00  6.9595608260080724E+00  0.0000000000000000E+00  0.0000000000000000E+00
  2.6000000000000000E+01  2.5000000000000000E+01  7.0931649775985806E+00 -3.1810882125637444E-02 -2.1143587104294775E-01  7.0655349999999997E+00  6.2972710484693550E+00  7.6826395153064464E-01  1.3272407686756812E-01
  2.6000000000000000E+01  3.0000000000000000E+01  3.8985192509522495E+00 -3.1810882125637444E-02 -2.1143587104294775E-01  3.8490090000000001E+00  3.8194879634173859E+00  2.9521036582614180E-02  4.6382359848416155E-03
  2.6000000000000000E+01  4.8000000000000000E+01  4.5197490530727880E-01 -3.1810882125637444E-02 -2.1143587104294775E-01  4.7474000000000000E-01  6.3135711392862681E-01 -1.5661711392862682E-01  8.6501123086147480E-01
  2.7000000000000000E+01  0.0000000000000000E+00  3.2427465535805640E+00  1.9796614466082549E-01  4.3301724000364739E-01  0.0000000000000000E+00  4.9999999999999982E+00  0.0000000000000000E+00  0.0000000000000000E+00
  2.7000000000000000E+01  1.0000000000000000E+00  2.9938579003886296E+00  1.9796614466082549E-01  4.3301724000364739E-01  3.3577010000000000E+00  4.5241870901797965E+00 -1.1664860901797964E+00  2.5795175515741958E-01
  2.7000000000000000E+01  4.0000000000000000E+00  2.3560565695668583E+00  1.9796614466082549E-01  4.3301724000364739E-01  2.4130569999999998E+00  3.3516002301781964E+00 -9.3854323017819663E-01 -1.4616744835285078E-01
  2.7000000000000000E+01  1.1500000000000000E+01  1.2944105382521274E+00  1.9796614466082549E-01  4.3301724000364739E-01  1.3630920000000000E+00  1.5831838468952670E+00 -2.2009184689526706E-01  3.6575800369317579E-01
  2.7000000000000000E+01  1.2000000000000000E+01  4.4864909252602603E+00  1.9796614466082549E-01  4.3301724000364739E-01  0.0000000000000000E+00  6.5059710595610092E+00  0.0000000000000000E+00  0.0000000000000000E+00
  2.7000000000000000E+01  1.3000000000000000E+01  4.1421418787049884E+00  1.9796614466082549E-01  4.3301724000364739E-01  3.6243900000000000E+00  5.8868460553498601E+00 -2.2624560553498601E+00 -1.3152613788030847E+00
  2.7000000000000000E+01  1.6000000000000000E+01  3.2597140245480842E+00  1.9796614466082549E-01  4.3301724000364739E-01  3.3403980000000000E+00  4.3610828201514744E+00 -1.0206848201514744E+00 -4.0424444434249210E-02
  2.7000000000000000E+01  2.3500000000000000E+01  1.7908772817959111E+00  1.9796614466082549E-01  4.3301724000364739E-01  1.6210640000000001E+00  2.0600296579730157E+00 -4.3896565797301568E-01 -5.3989521841161692E-01
  2.7000000000000000E+01  2.4000000000000000E+01  4.9635248335615039E+00  1.9796614466082549E-01  4.3301724000364739E-01  0.0000000000000000E+00  6.9595608260080724E+00  0.0000000000000000E+00  0.0000000000000000E+00
  2.7000000000000000E+01  2.5000000000000000E+01  4.5825622789807943E+00  1.9796614466082549E-01  4.3301724000364739E-01  3.9908280000000000E+00  6.2972710484693550E+00 -2.3064430484693550E+00 -1.2727375429885377E+00
  2.7000000000000000E+01  3.0000000000000000E+01  3.0739674189644002E+00  1.9796614466082549E-01  4.3301724000364739E-01  3.2116750000000001E+00  3.8194879634173859E+00 -6.0781296341738589E-01  3.4848003810334194E-01
  2.7000000000000000E+01  4.8000000000000000E+01  7.3017413207630610E-01  1.9796614466082549E-01  4.3301724000364739E-01  7.6917500000000005E-01  6.3135711392862681E-01  1.3781788607137324E-01  9.1260063597853502E-01
  2.8000000000000000E+01  0.0000000000000000E+00  4.1236486757324586E+00 -4.8309512606855659E-01  1.9269954007984189E-01  0.0000000000000000E+00  4.9999999999999982E+00  0.0000000000000000E+00  0.0000000000000000E+00
  2.8000000000000000E+01  1.0000000000000000E+00  3.9080744596330010E+00 -4.8309512606855659E-01  1.9269954007984189E-01  4.2428189999999999E+00  4.5241870901797965E+00 -2.8136809017979658E-01  1.2144893705299942E+00
  2.8000000000000000E+01  4.0000000000000000E+00  3.3266441445411039E+00 -4.8309512606855659E-01  1.9269954007984189E-01  3.1053839999999999E+00  3.3516002301781964E+00 -2.4621623017819649E-01 -6.5121456523981958E-01
  2.8000000000000000E+01  1.1500000000000000E+01  2.2238994015892657E+00 -4.8309512606855659E-01  1.9269954007984189E-01  2.1268590000000001E+00  1.5831838468952670E+00  5.4367515310473302E-01 -1.6052110537526554E+00
  2.8000000000000000E+01  1.2000000000000000E+01  6.2886378252126303E+00 -4.8309512606855659E-01  1.9269954007984189E-01  0.0000000000000000E+00  6.5059710595610092E+00  0.0000000000000000E+00  0.0000000000000000E+00
  2.8000000000000000E+01  1.3000000000000000E+01  5.9598832983098715E+00 -4.8309512606855659E-01  1.9269954007984189E-01  4.9645770000000002E+00  5.8868460553498601E+00 -9.2226905534985981E-01 -1.3806438069918578E+00
  2.8000000000000000E+01  1.6000000000000000E+01  5.0731916910131520E+00 -4.8309512606855659E-01  1.9269954007984189E-01  6.0922660000000004E+00  4.3610828201514744E+00  1.7311831798485260E+00  2.1733526112071790E+00
  2.8000000000000000E+01  2.3500000000000000E+01  3.3914862773361425E+00 -4.8309512606855659E-01  1.9269954007984189E-01  3.8400110000000001E+00  2.0600296579730157E+00  1.7799813420269843E+00  1.3947745128948505E+00
  2.8000000000000000E+01  2.4000000000000000E+01  7.4252957672314963E+00 -4.8309512606855659E-01  1.9269954007984189E-01  0.0000000000000000E+00  6.9595608260080724E+00  0.0000000000000000E+00  0.0000000000000000E+00
  2.8000000000000000E+01  2.5000000000000000E+01  7.0371195572290208E+00 -4.8309512606855659E-01  1.9269954007984189E-01  6.0559089999999998E+00  6.2972710484693550E+00 -2.4136204846935527E-01 -1.0062604691279529E+00
  2.8000000000000000E+01  3.0000000000000000E+01  5.3802293668912142E+00 -4.8309512606855659E-01  1.9269954007984189E-01  5.3231390000000003E+00  3.8194879634173859E+00  1.5036510365826143E+00  8.2801436562824460E-02
  2.8000000000000000E+01  4.8000000000000000E+01  2.0467362933539905E+00 -4.8309512606855659E-01  1.9269954007984189E-01  2.0280399999999998E+00  6.3135711392862681E-01  1.3966828860713729E+00  2.4573186608207882E+00
  2.9000000000000000E+01  0.0000000000000000E+00  6.5623376144002279E+00 -1.1463467095468332E+00 -2.7190897070514647E-01  0.0000000000000000E+00  4.9999999999999982E+00  0.0000000000000000E+00  0.0000000000000000E+00
  2.9000000000000000E+01  1.0000000000000000E+00  6.2121058057453054E+00 -1.1463467095468332E+00 -2.7190897070514647E-01  6.0966110000000002E+00  4.5241870901797965E+00  1.5724239098202037E+00  1.2809067617580134E+00
  2.9000000000000000E+01  4.0000000000000000E+00  5.2696244652830000E+00 -1.1463467095468332E+00 -2.7190897070514647E-01  5.7621320000000003E+00  3.3516002301781964E+00  2.4105317698218038E+00  1.8690331593903315E+00
  2.9000000000000000E+01  1.1500000000000000E+01  3.4924622724622116E+00 -1.1463467095468332E+00 -2.7190897070514647E-01  4.1372549999999997E+00  1.5831838468952670E+00  2.5540711531047329E+00  2.0525864596041181E+00
  2.9000000000000000E+01  1.2000000000000000E+01  9.9603257677550268E+00 -1.1463467095468332E+00 -2.7190897070514647E-01  0.0000000000000000E+00  6.5059710595610092E+00  0.0000000000000000E+00  0.0000000000000000E+00
  2.9000000000000000E+01  1.3000000000000000E+01  9.4287434089354836E+00 -1.1463467095468332E+00 -2.7190897070514647E-01  8.1113020000000002E+00  5.8868460553498601E+00  2.2244559446501402E+00 -9.3774946519946278E-01
  2.9000000000000000E+01  1.6000000000000000E+01  7.9982438320110250E+00 -1.1463467095468332E+00 -2.7190897070514647E-01  7.5378299999999996E+00  4.3610828201514744E+00  3.1767471798485252E+00 -5.7857838177677556E-01
  2.9000000000000000E+01  2.3500000000000000E+01  5.3008644189509520E+00 -1.1463467095468332E+00 -2.7190897070514647E-01  5.1680190000000001E+00  2.0600296579730157E+00  3.1079893420269844E+00 -1.1637031876938733E+00
  2.9000000000000000E+01  2.4000000000000000E+01  1.1719809075197574E+01 -1.1463467095468332E+00 -2.7190897070514647E-01  0.0000000000000000E+00  6.9595608260080724E+00  0.0000000000000000E+00  0.0000000000000000E+00
  2.9000000000000000E+01  2.5000000000000000E+01  1.1094323132430825E+01 -1.1463467095468332E+00 -2.7190897070514647E-01  1.1504769000000000E+01  6.2972710484693550E+00  5.2074979515306445E+00  2.1944416041178969E+00
  2.9000000000000000E+01  3.0000000000000000E+01  8.4333899491192170E+00 -1.1463467095468332E+00 -2.7190897070514647E-01  9.0200099999999992E+00  3.8194879634173859E+00  5.2005220365826137E+00  2.0307422908454660E+00
  2.9000000000000000E+01  4.8000000000000000E+01  3.1422961825331930E+00 -1.1463467095468332E+00 -2.7190897070514647E-01  3.1495970000000000E+00  6.3135711392862681E-01  2.5182398860713731E+00  3.7056348619888393E+00
  3.0000000000000000E+01  0.0000000000000000E+00  5.9479092069451163E+00  4.3531540234908556E-01 -1.7360185157943664E-01  0.0000000000000000E+00  4.9999999999999982E+00  0.0000000000000000E+00  0.0000000000000000E+00
  3.0000000000000000E+01  1.0000000000000000E+00  4.9016656913485788E+00  4.3531540234908556E-01 -1.7360185157943664E-01  4.3694930000000003E+00  4.5241870901797965E+00 -1.5469409017979618E-01 -3.5241315092769254E-01
  3.0000000000000000E+01  4.0000000000000000E+00  2.7433534129128723E+00  4.3531540234908556E-01 -1.7360185157943664E-01  2.7830390000000000E+00  3.3516002301781964E+00 -5.6856123017819638E-01 -5.0123379976269089E-01
  3.0000000000000000E+01  1.1500000000000000E+01  6.4287559330731359E-01  4.3531540234908556E-01 -1.7360185157943664E-01  6.3437299999999996E-01  1.5831838468952670E+00 -9.4881084689526707E-01 -1.4583987998389027E+00
  3.0000000000000000E+01  1.2000000000000000E+01  6.5315109989013589E+00  4.3531540234908556E-01 -1.7360185157943664E-01  0.0000000000000000E+00  6.5059710595610092E+00  0.0000000000000000E+00  0.0000000000000000E+00
  3.0000000000000000E+01  1.3000000000000000E+01  5.3826113113155492E+00  4.3531540234908556E-01 -1.7360185157943664E-01  5.7719329999999998E+00  5.8868460553498601E+00 -1.1491305534986029E-01  7.7343835913435965E-01
  3.0000000000000000E+01  1.6000000000000000E+01  3.0125279937682388E+00  4.3531540234908556E-01 -1.7360185157943664E-01  2.7039580000000001E+00  4.3610828201514744E+00 -1.6571248201514743E+00 -1.5261567447490807E+00
  3.0000000000000000E+01  2.3500000000000000E+01  7.0595378350917404E-01  4.3531540234908556E-01 -1.7360185157943664E-01  6.9806599999999996E-01  2.0600296579730157E+00 -1.3619636579730159E+00 -1.0193909470922913E+00
  3.0000000000000000E+01  2.4000000000000000E+01  6.5887733140652900E+00  4.3531540234908556E-01 -1.7360185157943664E-01  0.0000000000000000E+00  6.9595608260080724E+00  0.0000000000000000E+00  0.0000000000000000E+00
  3.0000000000000000E+01  2.5000000000000000E+01  5.4298011247240137E+00  4.3531540234908556E-01 -1.7360185157943664E-01  5.8622050000000003E+00  6.2972710484693550E+00 -4.3506604846935470E-01  7.6547384451408751E-01
  3.0000000000000000E+01  3.0000000000000000E+01  2.0638622575957348E+00  4.3531540234908556E-01 -1.7360185157943664E-01  2.2805279999999999E+00  3.8194879634173859E+00 -1.5389599634173861E+00 -4.4714972176903317E-01
  3.0000000000000000E+01  4.8000000000000000E+01  6.3432107136598762E-02  4.3531540234908556E-01 -1.7360185157943664E-01  6.3963999999999993E-02  6.3135711392862681E-01 -5.6739311392862679E-01  1.3434222665323472E+00
