TABLE NO.  1
 ID                      TIME                    IPRED                   ETA1                    ETA2                    DV                      PRED                    RES                     WRES
  1.0000000000000000E+00  0.0000000000000000E+00  5.1613877440306659E+00  1.9026435561897692E-01 -3.1767573542383944E-02  0.0000000000000000E+00  4.9999999999999982E+00  0.0000000000000000E+00  0.0000000000000000E+00
  1.0000000000000000E+00  1.0000000000000000E+00  4.5555413065955666E+00  1.9026435561897692E-01 -3.1767573542383944E-02  4.7006969999999999E+00  4.5241870901797965E+00  1.7650990982020343E-01  2.5475790394488140E-01
  1.0000000000000000E+00  4.0000000000000000E+00  3.1322794185367004E+00  1.9026435561897692E-01 -3.1767573542383944E-02  2.8349400000000000E+00  3.3516002301781964E+00 -5.1666023017819640E-01 -1.0213438361322864E+00
  1.0000000000000000E+00  1.1500000000000000E+01  1.2278965149837950E+00  1.9026435561897692E-01 -3.1767573542383944E-02  1.4077090000000001E+00  1.5831838468952670E+00 -1.7547484689526693E-01  8.4990899906167172E-01
  1.0000000000000000E+00  1.2000000000000000E+01  6.3149698693940159E+00  1.9026435561897692E-01 -3.1767573542383944E-02  0.0000000000000000E+00  6.5059710595610092E+00  0.0000000000000000E+00  0.0000000000000000E+00
  1.0000000000000000E+00  1.3000000000000000E+01  5.5737153487842912E+00  1.9026435561897692E-01 -3.1767573542383944E-02  6.2365089999999999E+00  5.8868460553498601E+00  3.4966294465013981E-01  9.7204469181862108E-01
  1.0000000000000000E+00  1.6000000000000000E+01  3.8323511294920354E+00  1.9026435561897692E-01 -3.1767573542383944E-02  3.8833340000000001E+00  4.3610828201514744E+00 -4.7774882015147435E-01 -7.0226826897910766E-02
  1.0000000000000000E+00  2.3500000000000000E+01  1.5023342324599656E+00  1.9026435561897692E-01 -3.1767573542383944E-02  1.3324520000000000E+00  2.0600296579730157E+00 -7.2757765797301577E-01 -7.6674122381490428E-01
  1.0000000000000000E+00  2.4000000000000000E+01  6.5727981485224127E+00  1.9026435561897692E-01 -3.1767573542383944E-02  0.0000000000000000E+00  6.9595608260080724E+00  0.0000000000000000E+00  0.0000000000000000E+00
  1.0000000000000000E+00  2.5000000000000000E+01  5.8012796074347426E+00  1.9026435561897692E-01 -3.1767573542383944E-02  5.4636339999999999E+00  6.2972710484693550E+00 -8.3363704846935516E-01 -6.3153740418018045E-01
  1.0000000000000000E+00  3.0000000000000000E+01  3.1073581415710900E+00  1.9026435561897692E-01 -3.1767573542383944E-02  2.9625800000000000E+00  3.8194879634173859E+00 -8.5690796341738595E-01 -4.8755489351511616E-01
  1.0000000000000000E+00  4.8000000000000000E+01  3.2833286699914654E-01  1.9026435561897692E-01 -3.1767573542383944E-02  3.3534399999999998E-01  6.3135711392862681E-01 -2.9601311392862684E-01  4.7167942044714217E-01
  2.0000000000000000E+00  0.0000000000000000E+00  7.2837737155247222E+00 -3.3589206597627363E-01 -3.7621118298559653E-01  0.0000000000000000E+00  4.9999999999999982E+00  0.0000000000000000E+00  0.0000000000000000E+00
  2.0000000000000000E+00  1.0000000000000000E+00  6.5635708953509972E+00 -3.3589206597627363E-01 -3.7621118298559653E-01  6.8402690000000002E+00  4.5241870901797965E+00  2.3160819098202037E+00  7.6368903703407909E-01
  2.0000000000000000E+00  4.0000000000000000E+00  4.8027655505954661E+00 -3.3589206597627363E-01 -3.7621118298559653E-01  5.5663729999999996E+00  3.3516002301781964E+00  2.2147727698218032E+00  2.4446675941211273E+00
  2.0000000000000000E+00  1.1500000000000000E+01  2.1997301256091362E+00 -3.3589206597627363E-01 -3.7621118298559653E-01  2.1574629999999999E+00  1.5831838468952670E+00  5.7427915310473288E-01  3.4530133285592768E-01
  2.0000000000000000E+00  1.2000000000000000E+01  9.3719216853441836E+00 -3.3589206597627363E-01 -3.7621118298559653E-01  0.0000000000000000E+00  6.5059710595610092E+00  0.0000000000000000E+00  0.0000000000000000E+00
  2.0000000000000000E+00  1.3000000000000000E+01  8.4452475886673728E+00 -3.3589206597627363E-01 -3.7621118298559653E-01  9.5253189999999996E+00  5.8868460553498601E+00  3.6384729446501396E+00  2.2954045414791535E+00
  2.0000000000000000E+00  1.6000000000000000E+01  6.1796459323430595E+00 -3.3589206597627363E-01 -3.7621118298559653E-01  5.2106469999999998E+00  4.3610828201514744E+00  8.4956417984852539E-01 -1.5594890901155973E+00
  2.0000000000000000E+00  2.3500000000000000E+01  2.8303595459261182E+00 -3.3589206597627363E-01 -3.7621118298559653E-01  2.5413299999999999E+00  2.0600296579730157E+00  4.8130034202698413E-01 -3.5511918476217630E-01
  2.0000000000000000E+00  2.4000000000000000E+01  9.9705621860186362E+00 -3.3589206597627363E-01 -3.7621118298559653E-01  0.0000000000000000E+00  6.9595608260080724E+00  0.0000000000000000E+00  0.0000000000000000E+00
  2.0000000000000000E+00  2.5000000000000000E+01  8.9846958912183421E+00 -3.3589206597627363E-01 -3.7621118298559653E-01  8.7576499999999999E+00  6.2972710484693550E+00  2.4603789515306449E+00  2.9825867606226208E-01
  2.0000000000000000E+00  3.0000000000000000E+01  5.3385345665989812E+00 -3.3589206597627363E-01 -3.7621118298559653E-01  4.9860470000000001E+00  3.8194879634173859E+00  1.1665590365826142E+00 -1.0797395410737590E-01
  2.0000000000000000E+00  4.8000000000000000E+01  8.1946290098524466E-01 -3.3589206597627363E-01 -3.7621118298559653E-01  8.9523399999999997E-01  6.3135711392862681E-01  2.6387688607137316E-01  1.8074912668544370E+00
  3.0000000000000000E+00  0.0000000000000000E+00  7.8704292653719259E+00  1.1923616620209250E+00 -4.5367469302765340E-01  0.0000000000000000E+00  4.9999999999999982E+00  0.0000000000000000E+00  0.0000000000000000E+00
  3.0000000000000000E+00  1.0000000000000000E+00  4.6855082759271314E+00  1.1923616620209250E+00 -4.5367469302765340E-01  4.1480269999999999E+00  4.5241870901797965E+00 -3.7616009017979657E-01  4.6130387907555187E-01
  3.0000000000000000E+00  4.0000000000000000E+00  9.8862497352162293E-01  1.1923616620209250E+00 -4.5367469302765340E-01  1.0014600000000000E+00  3.3516002301781964E+00 -2.3501402301781962E+00 -3.7060563837116156E+00
  3.0000000000000000E+00  1.1500000000000000E+01  2.0217094725925904E-02  1.1923616620209250E+00 -4.5367469302765340E-01  2.0410000000000001E-02  1.5831838468952670E+00 -1.5627738468952670E+00 -1.9448933129232464E+00
  3.0000000000000000E+00  1.2000000000000000E+01  7.8860283060486358E+00  1.1923616620209250E+00 -4.5367469302765340E-01  0.0000000000000000E+00  6.5059710595610092E+00  0.0000000000000000E+00  0.0000000000000000E+00
  3.0000000000000000E+00  1.3000000000000000E+01  4.6947948639546517E+00  1.1923616620209250E+00 -4.5367469302765340E-01  5.1828500000000002E+00  5.8868460553498601E+00 -7.0399605534985987E-01  1.5018232659060087E+00
  3.0000000000000000E+00  1.6000000000000000E+01  9.9058440936126957E-01  1.1923616620209250E+00 -4.5367469302765340E-01  9.1528500000000002E-01  4.3610828201514744E+00 -3.4457978201514745E+00 -3.1287486192167266E+00
  3.0000000000000000E+00  2.3500000000000000E+01  2.0257164622034637E-02  1.1923616620209250E+00 -4.5367469302765340E-01  2.0212999999999998E-02  2.0600296579730157E+00 -2.0398166579730157E+00 -5.9164370652219611E-01
  3.0000000000000000E+00  2.4000000000000000E+01  7.8860592230497080E+00  1.1923616620209250E+00 -4.5367469302765340E-01  0.0000000000000000E+00  6.9595608260080724E+00  0.0000000000000000E+00  0.0000000000000000E+00
  3.0000000000000000E+00  2.5000000000000000E+01  4.6948132697949818E+00  1.1923616620209250E+00 -4.5367469302765340E-01  5.2292779999999999E+00  6.2972710484693550E+00 -1.0679930484693552E+00  1.7125779805592480E+00
  3.0000000000000000E+00  3.0000000000000000E+01  3.5108297471403588E-01  1.1923616620209250E+00 -4.5367469302765340E-01  3.3306000000000002E-01  3.8194879634173859E+00 -3.4864279634173858E+00 -2.2994805351489442E+00
  3.0000000000000000E+00  4.8000000000000000E+01  3.0978399427923680E-05  1.1923616620209250E+00 -4.5367469302765340E-01  3.1999999999999999E-05  6.3135711392862681E-01 -6.3132511392862678E-01  3.9057293666290329E+00
  4.0000000000000000E+00  0.0000000000000000E+00  4.6544372499501216E+00  3.8141541660109468E-01  7.1616900538254397E-02  0.0000000000000000E+00  4.9999999999999982E+00  0.0000000000000000E+00  0.0000000000000000E+00
  4.0000000000000000E+00  1.0000000000000000E+00  4.0613115712105206E+00  3.8141541660109468E-01  7.1616900538254397E-02  4.3353000000000002E+00  4.5241870901797965E+00 -1.8888709017979632E-01  7.1803412739537176E-01
  4.0000000000000000E+00  4.0000000000000000E+00  2.6981351210912785E+00  3.8141541660109468E-01  7.1616900538254397E-02  2.4425539999999999E+00  3.3516002301781964E+00 -9.0904623017819652E-01 -9.0366389990736917E-01
  4.0000000000000000E+00  1.1500000000000000E+01  9.7063771371615093E-01  3.8141541660109468E-01  7.1616900538254397E-02  1.0283210000000000E+00  1.5831838468952670E+00 -5.5486284689526699E-01 -1.0817791459440762E-01
  4.0000000000000000E+00  1.2000000000000000E+01  5.5611228661500549E+00  3.8141541660109468E-01  7.1616900538254397E-02  0.0000000000000000E+00  6.5059710595610092E+00  0.0000000000000000E+00  0.0000000000000000E+00
  4.0000000000000000E+00  1.3000000000000000E+01  4.8524561471874321E+00  3.8141541660109468E-01  7.1616900538254397E-02  3.6386669999999999E+00  5.8868460553498601E+00 -2.2481790553498602E+00 -2.1244326103569224E+00
  4.0000000000000000E+00  1.6000000000000000E+01  3.2237325614442547E+00  3.8141541660109468E-01  7.1616900538254397E-02  3.5867580000000001E+00  4.3610828201514744E+00 -7.7432482015147430E-01  4.4744627620234440E-01
  4.0000000000000000E+00  2.3500000000000000E+01  1.1597181989191803E+00  3.8141541660109468E-01  7.1616900538254397E-02  9.4425300000000001E-01  2.0600296579730157E+00 -1.1157766579730157E+00 -1.2970481330035128E+00
  4.0000000000000000E+00  2.4000000000000000E+01  5.7377454657205327E+00  3.8141541660109468E-01  7.1616900538254397E-02  0.0000000000000000E+00  6.9595608260080724E+00  0.0000000000000000E+00  0.0000000000000000E+00
  4.0000000000000000E+00  2.5000000000000000E+01  5.0065713213431362E+00  3.8141541660109468E-01  7.1616900538254397E-02  5.4223390000000000E+00  6.2972710484693550E+00 -8.7493204846935502E-01  4.4492264628993256E-01
  4.0000000000000000E+00  3.0000000000000000E+01  2.5324218480032208E+00  3.8141541660109468E-01  7.1616900538254397E-02  2.7854380000000001E+00  3.8194879634173859E+00 -1.0340499634173859E+00  1.8056789096214682E-01
  4.0000000000000000E+00  4.8000000000000000E+01  2.1773105219973443E-01  3.8141541660109468E-01  7.1616900538254397E-02  2.2372000000000000E-01  6.3135711392862681E-01 -4.0763711392862678E-01  2.5788435916349517E-01
  5.0000000000000000E+00  0.0000000000000000E+00  4.2945017595870665E+00 -8.7216759512681444E-02  1.5210236847967329E-01  0.0000000000000000E+00  4.9999999999999982E+00  0.0000000000000000E+00  0.0000000000000000E+00
  5.0000000000000000E+00  1.0000000000000000E+00  3.9694167927608350E+00 -8.7216759512681444E-02  1.5210236847967329E-01  4.1753439999999999E+00  4.5241870901797965E+00 -3.4884309017979653E-01  1.2537746152356710E-01
  5.0000000000000000E+00  4.0000000000000000E+00  3.1345013092461578E+00 -8.7216759512681444E-02  1.5210236847967329E-01  3.5604740000000001E+00  3.3516002301781964E+00  2.0887376982180372E-01  1.0522722913170424E+00
  5.0000000000000000E+00  1.1500000000000000E+01  1.7368920920728008E+00 -8.7216759512681444E-02  1.5210236847967329E-01  1.5209919999999999E+00  1.5831838468952670E+00 -6.2191846895267133E-02 -1.1531130391779985E+00
  5.0000000000000000E+00  1.2000000000000000E+01  5.9643607405959287E+00 -8.7216759512681444E-02  1.5210236847967329E-01  0.0000000000000000E+00  6.5059710595610092E+00  0.0000000000000000E+00  0.0000000000000000E+00
  5.0000000000000000E+00  1.3000000000000000E+01  5.5128708770354251E+00 -8.7216759512681444E-02  1.5210236847967329E-01  5.1976560000000003E+00  5.8868460553498601E+00 -6.8919005534985978E-01 -6.9381435776849365E-01
  5.0000000000000000E+00  1.6000000000000000E+01  4.3533097893088186E+00 -8.7216759512681444E-02  1.5210236847967329E-01  4.4407540000000001E+00  4.3610828201514744E+00  7.9671179848525675E-02  1.9019117669098501E-01
  5.0000000000000000E+00  2.3500000000000000E+01  2.4122591128258488E+00 -8.7216759512681444E-02  1.5210236847967329E-01  2.5072280000000000E+00  2.0600296579730157E+00  4.4719834202698427E-01  6.9862514625100747E-01
  5.0000000000000000E+00  2.4000000000000000E+01  6.6136628418771908E+00 -8.7216759512681444E-02  1.5210236847967329E-01  0.0000000000000000E+00  6.9595608260080724E+00  0.0000000000000000E+00  0.0000000000000000E+00
  5.0000000000000000E+00  2.5000000000000000E+01  6.1130221422309861E+00 -8.7216759512681444E-02  1.5210236847967329E-01  5.9352830000000001E+00  6.2972710484693550E+00 -3.6198804846935495E-01 -3.0839592932129306E-01
  5.0000000000000000E+00  3.0000000000000000E+01  4.1240655262322479E+00 -8.7216759512681444E-02  1.5210236847967329E-01  3.8278509999999999E+00  3.8194879634173859E+00  8.3630365826139474E-03 -4.5298028161157688E-01
  5.0000000000000000E+00  4.8000000000000000E+01  9.9994491114367845E-01 -8.7216759512681444E-02  1.5210236847967329E-01  1.0624910000000001E+00  6.3135711392862681E-01  4.3113388607137326E-01  1.4521810967002413E+00
  6.0000000000000000E+00  0.0000000000000000E+00  5.1460494031783579E+00 -3.7075552914502408E-01 -2.8791401686085353E-02  0.0000000000000000E+00  4.9999999999999982E+00  0.0000000000000000E+00  0.0000000000000000E+00
  6.0000000000000000E+00  1.0000000000000000E+00  4.7931697961183861E+00 -3.7075552914502408E-01 -2.8791401686085353E-02  4.6533579999999999E+00  4.5241870901797965E+00  1.2917090982020341E-01 -2.0818560123573193E-02
  6.0000000000000000E+00  4.0000000000000000E+00  3.8731953541009205E+00 -3.7075552914502408E-01 -2.8791401686085353E-02  3.8874270000000002E+00  3.3516002301781964E+00  5.3582676982180377E-01  4.8922792098980455E-02
  6.0000000000000000E+00  1.1500000000000000E+01  2.2734524379719194E+00 -3.7075552914502408E-01 -2.8791401686085353E-02  2.0376249999999998E+00  1.5831838468952670E+00  4.5444115310473276E-01 -1.7744929161226541E+00
  6.0000000000000000E+00  1.2000000000000000E+01  7.3401690401557422E+00 -3.7075552914502408E-01 -2.8791401686085353E-02  0.0000000000000000E+00  6.5059710595610092E+00  0.0000000000000000E+00  0.0000000000000000E+00
  6.0000000000000000E+00  1.3000000000000000E+01  6.8368322542624433E+00 -3.7075552914502408E-01 -2.8791401686085353E-02  7.5184959999999998E+00  5.8868460553498601E+00  1.6316499446501398E+00  1.3400105556496309E+00
  6.0000000000000000E+00  1.6000000000000000E+01  5.5246085680964230E+00 -3.7075552914502408E-01 -2.8791401686085353E-02  5.4271390000000004E+00  4.3610828201514744E+00  1.0660561798485260E+00 -1.8318412648715629E-01
  6.0000000000000000E+00  2.3500000000000000E+01  3.2427837146610661E+00 -3.7075552914502408E-01 -2.8791401686085353E-02  3.3591340000000001E+00  2.0600296579730157E+00  1.2991043420269843E+00  2.7289238570795260E-01
  6.0000000000000000E+00  2.4000000000000000E+01  8.2756752127930273E+00 -3.7075552914502408E-01 -2.8791401686085353E-02  0.0000000000000000E+00  6.9595608260080724E+00  0.0000000000000000E+00  0.0000000000000000E+00
  6.0000000000000000E+00  2.5000000000000000E+01  7.7081880418687305E+00 -3.7075552914502408E-01 -2.8791401686085353E-02  6.9041280000000000E+00  6.2972710484693550E+00  6.0685695153064501E-01 -9.0567268690119085E-01
  6.0000000000000000E+00  3.0000000000000000E+01  5.4037669967113322E+00 -3.7075552914502408E-01 -2.8791401686085353E-02  6.3687969999999998E+00  3.8194879634173859E+00  2.5493090365826139E+00  2.3985810949214268E+00
  6.0000000000000000E+00  4.8000000000000000E+01  1.5044444073015681E+00 -3.7075552914502408E-01 -2.8791401686085353E-02  1.4776250000000000E+00  6.3135711392862681E-01  8.4626788607137315E-01  6.0681974720235221E-01
  7.0000000000000000E+00  0.0000000000000000E+00  4.0674368931439071E+00 -1.9010347496293839E-01  2.0642486734348581E-01  0.0000000000000000E+00  4.9999999999999982E+00  0.0000000000000000E+00  0.0000000000000000E+00
  7.0000000000000000E+00  1.0000000000000000E+00  3.8028391172981832E+00 -1.9010347496293839E-01  2.0642486734348581E-01  3.7203960000000000E+00  4.5241870901797965E+00 -8.0379109017979644E-01 -3.8557748600712971E-01
  7.0000000000000000E+00  4.0000000000000000E+00  3.1079164823478442E+00 -1.9010347496293839E-01  2.0642486734348581E-01  3.3848980000000002E+00  3.3516002301781964E+00  3.3297769821803769E-02  6.6929074110890985E-01
  7.0000000000000000E+00  1.1500000000000000E+01  1.8766047336935443E+00 -1.9010347496293839E-01  2.0642486734348581E-01  2.0472790000000001E+00  1.5831838468952670E+00  4.6409515310473304E-01  9.0413634582312241E-01
  7.0000000000000000E+00  1.2000000000000000E+01  5.8819761649492781E+00 -1.9010347496293839E-01  2.0642486734348581E-01  0.0000000000000000E+00  6.5059710595610092E+00  0.0000000000000000E+00  0.0000000000000000E+00
  7.0000000000000000E+00  1.3000000000000000E+01  5.4993376995691401E+00 -1.9010347496293839E-01  2.0642486734348581E-01  6.2066520000000001E+00  5.8868460553498601E+00  3.1980594465014001E-01  1.0881406245713925E+00
  7.0000000000000000E+00  1.6000000000000000E+01  4.4944005652889292E+00 -1.9010347496293839E-01  2.0642486734348581E-01  4.4141750000000002E+00  4.3610828201514744E+00  5.3092179848525767E-02 -7.7387909511964809E-02
  7.0000000000000000E+00  2.3500000000000000E+01  2.7137837917589747E+00 -1.9010347496293839E-01  2.0642486734348581E-01  2.5545499999999999E+00  2.0600296579730157E+00  4.9452034202698414E-01 -2.3006239880596824E-01
  7.0000000000000000E+00  2.4000000000000000E+01  6.6914669709342238E+00 -1.9010347496293839E-01  2.0642486734348581E-01  0.0000000000000000E+00  6.9595608260080724E+00  0.0000000000000000E+00  0.0000000000000000E+00
  7.0000000000000000E+00  2.5000000000000000E+01  6.2561689382496199E+00 -1.9010347496293839E-01  2.0642486734348581E-01  5.1916019999999996E+00  6.2972710484693550E+00 -1.1056690484693554E+00 -1.4705145016625405E+00
  7.0000000000000000E+00  3.0000000000000000E+01  4.4693473940146387E+00 -1.9010347496293839E-01  2.0642486734348581E-01  3.9979840000000002E+00  3.8194879634173859E+00  1.7849603658261426E-01 -6.3545495757417081E-01
  7.0000000000000000E+00  4.8000000000000000E+01  1.3317185081970351E+00 -1.9010347496293839E-01  2.0642486734348581E-01  1.4155850000000001E+00  6.3135711392862681E-01  7.8422788607137328E-01  2.4254403619024889E+00
  8.0000000000000000E+00  0.0000000000000000E+00  3.4673709849882628E+00  1.4826539132167893E-01  3.6604124684424316E-01  0.0000000000000000E+00  4.9999999999999982E+00  0.0000000000000000E+00  0.0000000000000000E+00
  8.0000000000000000E+00  1.0000000000000000E+00  3.1994089684107028E+00  1.4826539132167893E-01  3.6604124684424316E-01  3.2573780000000001E+00  4.5241870901797965E+00 -1.2668090901797964E+00 -4.4162598930110386E-01
  8.0000000000000000E+00  4.0000000000000000E+00  2.5134954268955041E+00  1.4826539132167893E-01  3.6604124684424316E-01  2.7370730000000001E+00  3.3516002301781964E+00 -6.1452723017819633E-01  2.6583098244440290E-01
  8.0000000000000000E+00  1.1500000000000000E+01  1.3749881434325408E+00  1.4826539132167893E-01  3.6604124684424316E-01  1.2316510000000001E+00  1.5831838468952670E+00 -3.5153284689526698E-01 -8.9235402983258805E-01
  8.0000000000000000E+00  1.2000000000000000E+01  4.7881606951935325E+00  1.4826539132167893E-01  3.6604124684424316E-01  0.0000000000000000E+00  6.5059710595610092E+00  0.0000000000000000E+00  0.0000000000000000E+00
  8.0000000000000000E+00  1.3000000000000000E+01  4.4181266835067747E+00  1.4826539132167893E-01  3.6604124684424316E-01  4.3147310000000001E+00  5.8868460553498601E+00 -1.5721150553498600E+00 -6.8198824158258886E-01
  8.0000000000000000E+00  1.6000000000000000E+01  3.4709352021212925E+00  1.4826539132167893E-01  3.6604124684424316E-01  3.3375680000000001E+00  4.3610828201514744E+00 -1.0235148201514743E+00 -5.7693986211542780E-01
  8.0000000000000000E+00  2.3500000000000000E+01  1.8987481331661158E+00  1.4826539132167893E-01  3.6604124684424316E-01  1.9906040000000000E+00  2.0600296579730157E+00 -6.9425657973015698E-02  4.5123261203743231E-01
  8.0000000000000000E+00  2.4000000000000000E+01  5.2912754372089532E+00  1.4826539132167893E-01  3.6604124684424316E-01  0.0000000000000000E+00  6.9595608260080724E+00  0.0000000000000000E+00  0.0000000000000000E+00
  8.0000000000000000E+00  2.5000000000000000E+01  4.8823601978070110E+00  1.4826539132167893E-01  3.6604124684424316E-01  4.8859320000000004E+00  6.2972710484693550E+00 -1.4113390484693547E+00 -4.1163092750048036E-01
  8.0000000000000000E+00  3.0000000000000000E+01  3.2657057610788711E+00  1.4826539132167893E-01  3.6604124684424316E-01  3.2405529999999998E+00  3.8194879634173859E+00 -5.7893496341738615E-01 -1.1666861521443135E-01
  8.0000000000000000E+00  4.8000000000000000E+01  7.6776286357859169E-01  1.4826539132167893E-01  3.6604124684424316E-01  7.9736799999999997E-01  6.3135711392862681E-01  1.6601088607137315E-01  8.0505922598608026E-01
  9.0000000000000000E+00  0.0000000000000000E+00  3.4591821306783435E+00 -6.4868925474188144E-01  3.6840572972291208E-01  0.0000000000000000E+00  4.9999999999999982E+00  0.0000000000000000E+00  0.0000000000000000E+00
  9.0000000000000000E+00  1.0000000000000000E+00  3.3363179309599773E+00 -6.4868925474188144E-01  3.6840572972291208E-01  3.3676290000000000E+00  4.5241870901797965E+00 -1.1565580901797965E+00  3.8177115529254979E-01
  9.0000000000000000E+00  4.0000000000000000E+00  2.9932943909919234E+00 -6.4868925474188144E-01  3.6840572972291208E-01  2.9456050000000000E+00  3.3516002301781964E+00 -4.0599523017819639E-01 -6.8917576907894329E-01
  9.0000000000000000E+00  1.1500000000000000E+01  2.2822038706731425E+00 -6.4868925474188144E-01  3.6840572972291208E-01  2.2810440000000001E+00  1.5831838468952670E+00  6.9786015310473304E-01 -2.3395422293080141E+00
  9.0000000000000000E+00  1.2000000000000000E+01  5.7004895976295353E+00 -6.4868925474188144E-01  3.6840572972291208E-01  0.0000000000000000E+00  6.5059710595610092E+00  0.0000000000000000E+00  0.0000000000000000E+00
  9.0000000000000000E+00  1.3000000000000000E+01  5.4980180115849242E+00 -6.4868925474188144E-01  3.6840572972291208E-01  5.2102399999999998E+00  5.8868460553498601E+00 -6.7660605534986029E-01 -6.4042686961345763E-01
  9.0000000000000000E+00  1.6000000000000000E+01  4.9327392701193808E+00 -6.4868925474188144E-01  3.6840572972291208E-01  5.0179239999999998E+00  4.3610828201514744E+00  6.5684117984852541E-01 -4.5306107931811002E-01
  9.0000000000000000E+00  2.3500000000000000E+01  3.7609119534538422E+00 -6.4868925474188144E-01  3.6840572972291208E-01  3.7650730000000001E+00  2.0600296579730157E+00  1.7050433420269844E+00 -9.8734654688617685E-01
  9.0000000000000000E+00  2.4000000000000000E+01  7.1526996784054990E+00 -6.4868925474188144E-01  3.6840572972291208E-01  0.0000000000000000E+00  6.9595608260080724E+00  0.0000000000000000E+00  0.0000000000000000E+00
  9.0000000000000000E+00  2.5000000000000000E+01  6.8986480879965342E+00 -6.4868925474188144E-01  3.6840572972291208E-01  7.4595940000000001E+00  6.2972710484693550E+00  1.1623229515306450E+00  1.1818774425326954E+00
  9.0000000000000000E+00  3.0000000000000000E+01  5.7575006440749208E+00 -6.4868925474188144E-01  3.6840572972291208E-01  5.7221810000000000E+00  3.8194879634173859E+00  1.9026930365826140E+00  1.0587773613441875E-02
  9.0000000000000000E+00  4.8000000000000000E+01  3.0027972466736044E+00 -6.4868925474188144E-01  3.6840572972291208E-01  3.1223730000000001E+00  6.3135711392862681E-01  2.4910158860713731E+00  7.8892162139379955E+00
  1.0000000000000000E+01  0.0000000000000000E+00  3.4731569131102136E+00 -9.6078097394755022E-02  3.6437395883755713E-01  0.0000000000000000E+00  4.9999999999999982E+00  0.0000000000000000E+00  0.0000000000000000E+00
  1.0000000000000000E+01  1.0000000000000000E+00  3.2607724663152475E+00 -9.6078097394755022E-02  3.6437395883755713E-01  3.2445900000000001E+00  4.5241870901797965E+00 -1.2795970901797964E+00 -5.1863345449130116E-01
  1.0000000000000000E+01  4.0000000000000000E+00  2.6984151518653658E+00 -9.6078097394755022E-02  3.6437395883755713E-01  2.5065480000000000E+00  3.3516002301781964E+00 -8.4505223017819642E-01 -9.3285881399336190E-01
  1.0000000000000000E+01  1.1500000000000000E+01  1.6810454123781557E+00 -9.6078097394755022E-02  3.6437395883755713E-01  1.6401859999999999E+00  1.5831838468952670E+00  5.7002153104732889E-02 -4.8957810919043099E-01
  1.0000000000000000E+01  1.2000000000000000E+01  5.1019934068968524E+00 -9.6078097394755022E-02  3.6437395883755713E-01  0.0000000000000000E+00  6.5059710595610092E+00  0.0000000000000000E+00  0.0000000000000000E+00
  1.0000000000000000E+01  1.3000000000000000E+01  4.7900051856952359E+00 -9.6078097394755022E-02  3.6437395883755713E-01  5.5700200000000004E+00  5.8868460553498601E+00 -3.1682605534985964E-01  8.7716650326238366E-01
  1.0000000000000000E+01  1.6000000000000000E+01  3.9639142884445855E+00 -9.6078097394755022E-02  3.6437395883755713E-01  3.9924439999999999E+00  4.3610828201514744E+00 -3.6863882015147453E-01 -1.2564554416753720E-01
  1.0000000000000000E+01  2.3500000000000000E+01  2.4694198463285462E+00 -9.6078097394755022E-02  3.6437395883755713E-01  2.7346610000000000E+00  2.0600296579730157E+00  6.7463134202698427E-01  1.3071438648803457E+00
  1.0000000000000000E+01  2.4000000000000000E+01  5.8658829718849468E+00 -9.6078097394755022E-02  3.6437395883755713E-01  0.0000000000000000E+00  6.9595608260080724E+00  0.0000000000000000E+00  0.0000000000000000E+00
  1.0000000000000000E+01  2.5000000000000000E+01  5.5071827054946896E+00 -9.6078097394755022E-02  3.6437395883755713E-01  5.2738940000000003E+00  6.2972710484693550E+00 -1.0233770484693547E+00 -5.2272817069226762E-01
  1.0000000000000000E+01  3.0000000000000000E+01  4.0170749746367207E+00 -9.6078097394755022E-02  3.6437395883755713E-01  3.2476029999999998E+00  3.8194879634173859E+00 -5.7188496341738615E-01 -1.5814351434126579E+00
  1.0000000000000000E+01  4.8000000000000000E+01  1.2901480997734769E+00 -9.6078097394755022E-02  3.6437395883755713E-01  1.3313269999999999E+00  6.3135711392862681E-01  6.9996988607137312E-01  2.1669628295537211E+00
  1.1000000000000000E+01  0.0000000000000000E+00  6.0495043877790140E+00  7.7953494153488123E-01 -1.9053843687770530E-01  0.0000000000000000E+00  4.9999999999999982E+00  0.0000000000000000E+00  0.0000000000000000E+00
  1.1000000000000000E+01  1.0000000000000000E+00  4.6467244213016272E+00  7.7953494153488123E-01 -1.9053843687770530E-01  4.8760019999999997E+00  4.5241870901797965E+00  3.5181490982020325E-01  1.1690508710783436E+00
  1.1000000000000000E+01  4.0000000000000000E+00  2.1058541050524493E+00  7.7953494153488123E-01 -1.9053843687770530E-01  2.4708060000000001E+00  3.3516002301781964E+00 -8.8079423017819636E-01 -4.9811171812398547E-01
  1.1000000000000000E+01  1.1500000000000000E+01  2.9115998375787694E-01  7.7953494153488123E-01 -1.9053843687770530E-01  2.9842400000000002E-01  1.5831838468952670E+00 -1.2847598468952670E+00 -1.5937350086174145E+00
  1.1000000000000000E+01  1.2000000000000000E+01  6.3046835733071545E+00  7.7953494153488123E-01 -1.9053843687770530E-01  0.0000000000000000E+00  6.5059710595610092E+00  0.0000000000000000E+00  0.0000000000000000E+00
  1.1000000000000000E+01  1.3000000000000000E+01  4.8427317761515338E+00  7.7953494153488123E-01 -1.9053843687770530E-01  4.5100220000000002E+00  5.8868460553498601E+00 -1.3768240553498599E+00 -4.8468422652498411E-01
  1.1000000000000000E+01  1.6000000000000000E+01  2.1946828918294208E+00  7.7953494153488123E-01 -1.9053843687770530E-01  2.0186470000000001E+00  4.3610828201514744E+00 -2.3424358201514743E+00 -1.7689894321937711E+00
  1.1000000000000000E+01  2.3500000000000000E+01  3.0344164565133974E-01  7.7953494153488123E-01 -1.9053843687770530E-01  2.9054300000000000E-01  2.0600296579730157E+00 -1.7694866579730157E+00 -6.7865047114907850E-01
  1.1000000000000000E+01  2.4000000000000000E+01  6.3154474991683136E+00  7.7953494153488123E-01 -1.9053843687770530E-01  0.0000000000000000E+00  6.9595608260080724E+00  0.0000000000000000E+00  0.0000000000000000E+00
  1.1000000000000000E+01  2.5000000000000000E+01  4.8509997257159920E+00  7.7953494153488123E-01 -1.9053843687770530E-01  5.1435399999999998E+00  6.2972710484693550E+00 -1.1537310484693553E+00  6.6648638930408854E-01
  1.1000000000000000E+01  3.0000000000000000E+01  1.2970802739054565E+00  7.7953494153488123E-01 -1.9053843687770530E-01  1.0769540000000000E+00  3.8194879634173859E+00 -2.7425339634173858E+00 -1.6601779390017029E+00
  1.1000000000000000E+01  4.8000000000000000E+01  1.1237120316569118E-02  7.7953494153488123E-01 -1.9053843687770530E-01  1.1720000000000000E-02  6.3135711392862681E-01 -6.1963711392862686E-01  3.1286287806151072E+00
  1.2000000000000000E+01  0.0000000000000000E+00  4.9964458550879796E+00  3.3835326311387126E-01  7.1108174111053494E-04  0.0000000000000000E+00  4.9999999999999982E+00  0.0000000000000000E+00  0.0000000000000000E+00
  1.2000000000000000E+01  1.0000000000000000E+00  4.3429895291428160E+00  3.3835326311387126E-01  7.1108174111053494E-04  4.6048770000000001E+00  4.5241870901797965E+00  8.0689909820203631E-02  6.8039622860156501E-01
  1.2000000000000000E+01  4.0000000000000000E+00  2.8521448159009619E+00  3.3835326311387126E-01  7.1108174111053494E-04  2.6097959999999998E+00  3.3516002301781964E+00 -7.4180423017819663E-01 -9.2300747579692777E-01
  1.2000000000000000E+01  1.1500000000000000E+01  9.9684709821976702E-01  3.3835326311387126E-01  7.1108174111053494E-04  1.0094160000000001E+00  1.5831838468952670E+00 -5.7376784689526694E-01 -4.3188645709245232E-01
  1.2000000000000000E+01  1.2000000000000000E+01  5.9258237687409636E+00  3.3835326311387126E-01  7.1108174111053494E-04  0.0000000000000000E+00  6.5059710595610092E+00  0.0000000000000000E+00  0.0000000000000000E+00
  1.2000000000000000E+01  1.3000000000000000E+01  5.1508194675982244E+00  3.3835326311387126E-01  7.1108174111053494E-04  5.3344810000000003E+00  5.8868460553498601E+00 -5.5236505534985980E-01  1.7933302566689210E-01
  1.2000000000000000E+01  1.6000000000000000E+01  3.3826660054258970E+00  3.3835326311387126E-01  7.1108174111053494E-04  2.9560080000000002E+00  4.3610828201514744E+00 -1.4050748201514742E+00 -1.3000061441019692E+00
  1.2000000000000000E+01  2.3500000000000000E+01  1.1822684363557738E+00  3.3835326311387126E-01  7.1108174111053494E-04  1.2779780000000001E+00  2.0600296579730157E+00 -7.8205165797301568E-01 -3.5318813549070960E-02
  1.2000000000000000E+01  2.4000000000000000E+01  6.0986953121214258E+00  3.3835326311387126E-01  7.1108174111053494E-04  0.0000000000000000E+00  6.9595608260080724E+00  0.0000000000000000E+00  0.0000000000000000E+00
  1.2000000000000000E+01  2.5000000000000000E+01  5.3010821392178062E+00  3.3835326311387126E-01  7.1108174111053494E-04  5.1638820000000001E+00  6.2972710484693550E+00 -1.1333890484693550E+00 -3.7128525867298173E-01
  1.2000000000000000E+01  3.0000000000000000E+01  2.6302832403591636E+00  3.3835326311387126E-01  7.1108174111053494E-04  2.9010980000000002E+00  3.8194879634173859E+00 -9.1838996341738577E-01  2.3020119030992581E-01
  1.2000000000000000E+01  4.8000000000000000E+01  2.1100816496190303E-01  3.3835326311387126E-01  7.1108174111053494E-04  2.0481099999999999E-01  6.3135711392862681E-01 -4.2654611392862685E-01  2.7101465097397170E-01
  1.3000000000000000E+01  0.0000000000000000E+00  3.5219486741946602E+00  3.7618067361447394E-01  3.5042347538090513E-01  0.0000000000000000E+00  4.9999999999999982E+00  0.0000000000000000E+00  0.0000000000000000E+00
  1.3000000000000000E+01  1.0000000000000000E+00  3.1784868776725284E+00  3.7618067361447394E-01  3.5042347538090513E-01  2.5703580000000001E+00  4.5241870901797965E+00 -1.9538290901797963E+00 -1.7833265235534783E+00
  1.3000000000000000E+01  4.0000000000000000E+00  2.3363215948571514E+00  3.7618067361447394E-01  3.5042347538090513E-01  2.7536220000000000E+00  3.3516002301781964E+00 -5.9797823017819640E-01  8.9575327657025139E-01
  1.3000000000000000E+01  1.1500000000000000E+01  1.0822139413136580E+00  3.7618067361447394E-01  3.5042347538090513E-01  1.0896889999999999E+00  1.5831838468952670E+00 -4.9349484689526713E-01  4.8733050056357252E-02
  1.3000000000000000E+01  1.2000000000000000E+01  4.5500403064122175E+00  3.7618067361447394E-01  3.5042347538090513E-01  0.0000000000000000E+00  6.5059710595610092E+00  0.0000000000000000E+00  0.0000000000000000E+00
  1.3000000000000000E+01  1.3000000000000000E+01  4.1063186163890659E+00  3.7618067361447394E-01  3.5042347538090513E-01  3.8375830000000000E+00  5.8868460553498601E+00 -2.0492630553498601E+00 -9.4420298471472797E-01
  1.3000000000000000E+01  1.6000000000000000E+01  3.0183169627740489E+00  3.7618067361447394E-01  3.5042347538090513E-01  3.4288639999999999E+00  4.3610828201514744E+00 -9.3221882015147450E-01  5.9677274999286756E-01
  1.3000000000000000E+01  2.3500000000000000E+01  1.3981228883934074E+00  3.7618067361447394E-01  3.5042347538090513E-01  1.1845619999999999E+00  2.0600296579730157E+00 -8.7546765797301584E-01 -8.3131754556885951E-01
  1.3000000000000000E+01  2.4000000000000000E+01  4.8501504164715161E+00  3.7618067361447394E-01  3.5042347538090513E-01  0.0000000000000000E+00  6.9595608260080724E+00  0.0000000000000000E+00  0.0000000000000000E+00
  1.3000000000000000E+01  2.5000000000000000E+01  4.3771618724732742E+00  3.7618067361447394E-01  3.5042347538090513E-01  4.7554069999999999E+00  6.2972710484693550E+00 -1.5418640484693551E+00  9.6910130665630853E-02
  1.3000000000000000E+01  3.0000000000000000E+01  2.6204725114051044E+00  3.7618067361447394E-01  3.5042347538090513E-01  2.1120079999999999E+00  3.8194879634173859E+00 -1.7074799634173861E+00 -1.3762866327620717E+00
  1.3000000000000000E+01  4.8000000000000000E+01  4.1328801465974191E-01  3.7618067361447394E-01  3.5042347538090513E-01  4.4114999999999999E-01  6.3135711392862681E-01 -1.9020711392862683E-01  4.9725981295254118E-01
  1.4000000000000000E+01  0.0000000000000000E+00  3.5068121527326124E+00  9.8027767864803284E-01  3.5473050623141916E-01  0.0000000000000000E+00  4.9999999999999982E+00  0.0000000000000000E+00  0.0000000000000000E+00
  1.4000000000000000E+01  1.0000000000000000E+00  2.9089161571618214E+00  9.8027767864803284E-01  3.5473050623141916E-01  3.3018269999999998E+00  4.5241870901797965E+00 -1.2223600901797966E+00  3.9509363164413830E-01
  1.4000000000000000E+01  4.0000000000000000E+00  1.6603028247470810E+00  9.8027767864803284E-01  3.5473050623141916E-01  1.7382080000000000E+00  3.3516002301781964E+00 -1.6133922301781964E+00 -6.1081780640142269E-01
  1.4000000000000000E+01  1.1500000000000000E+01  4.0862747499015462E-01  9.8027767864803284E-01  3.5473050623141916E-01  4.3049999999999999E-01  1.5831838468952670E+00 -1.1526838468952669E+00 -5.4292479458964282E-01
  1.4000000000000000E+01  1.2000000000000000E+01  3.8789783410899918E+00  9.8027767864803284E-01  3.5473050623141916E-01  0.0000000000000000E+00  6.5059710595610092E+00  0.0000000000000000E+00  0.0000000000000000E+00
  1.4000000000000000E+01  1.3000000000000000E+01  3.2176296528700288E+00  9.8027767864803284E-01  3.5473050623141916E-01  2.9705480000000000E+00  5.8868460553498601E+00 -2.9162980553498601E+00 -1.0949712177503204E+00
  1.4000000000000000E+01  1.6000000000000000E+01  1.8365051837253392E+00  9.8027767864803284E-01  3.5473050623141916E-01  1.3657090000000001E+00  4.3610828201514744E+00 -2.9953738201514746E+00 -1.8680499760701545E+00
  1.4000000000000000E+01  2.3500000000000000E+01  4.5199373562851891E-01  9.8027767864803284E-01  3.5473050623141916E-01  4.2785400000000001E-01  2.0600296579730157E+00 -1.6321756579730158E+00 -3.9193777853008027E-01
  1.4000000000000000E+01  2.4000000000000000E+01  3.9184750879141781E+00  9.8027767864803284E-01  3.5473050623141916E-01  0.0000000000000000E+00  6.9595608260080724E+00  0.0000000000000000E+00  0.0000000000000000E+00
  1.4000000000000000E+01  2.5000000000000000E+01  3.2503923786700630E+00  9.8027767864803284E-01  3.5473050623141916E-01  3.2067839999999999E+00  6.2972710484693550E+00 -3.0904870484693552E+00 -6.8409609043460706E-01
  1.4000000000000000E+01  3.0000000000000000E+01  1.2765249154128495E+00  9.8027767864803284E-01  3.5473050623141916E-01  1.3155049999999999E+00  3.8194879634173859E+00 -2.5039829634173860E+00 -5.1020614503213202E-01
  1.4000000000000000E+01  4.8000000000000000E+01  4.4133250297889268E-02  9.8027767864803284E-01  3.5473050623141916E-01  4.5855000000000000E-02  6.3135711392862681E-01 -5.8550211392862683E-01  1.3601745976089026E+00
  1.5000000000000000E+01  0.0000000000000000E+00  5.1573729677620319E+00  1.4103921731839897E-01 -3.0989422641640396E-02  0.0000000000000000E+00  4.9999999999999982E+00  0.0000000000000000E+00  0.0000000000000000E+00
  1.5000000000000000E+01  1.0000000000000000E+00  4.5798037607076525E+00  1.4103921731839897E-01 -3.0989422641640396E-02  4.9386150000000004E+00  4.5241870901797965E+00  4.1442790982020394E-01  6.8331783625392939E-01
  1.5000000000000000E+01  4.0000000000000000E+00  3.2070214063668572E+00  1.4103921731839897E-01 -3.0989422641640396E-02  3.0261380000000000E+00  3.3516002301781964E+00 -3.2546223017819642E-01 -6.3333421244118993E-01
  1.5000000000000000E+01  1.1500000000000000E+01  1.3159498299222701E+00  1.4103921731839897E-01 -3.0989422641640396E-02  1.5144290000000000E+00  1.5831838468952670E+00 -6.8754846895267008E-02  1.0808738150720745E+00
  1.5000000000000000E+01  1.2000000000000000E+01  6.3974495239590166E+00  1.4103921731839897E-01 -3.0989422641640396E-02  0.0000000000000000E+00  6.5059710595610092E+00  0.0000000000000000E+00  0.0000000000000000E+00
  1.5000000000000000E+01  1.3000000000000000E+01  5.6810053435942987E+00  1.4103921731839897E-01 -3.0989422641640396E-02  6.0537630000000000E+00  5.8868460553498601E+00  1.6691694465013995E-01  5.3352200131824790E-01
  1.5000000000000000E+01  1.6000000000000000E+01  3.9781411384701508E+00  1.4103921731839897E-01 -3.0989422641640396E-02  3.8796210000000002E+00  4.3610828201514744E+00 -4.8146182015147421E-01 -2.9930985806664168E-01
  1.5000000000000000E+01  2.3500000000000000E+01  1.6323664519929730E+00  1.4103921731839897E-01 -3.0989422641640396E-02  1.4861800000000001E+00  2.0600296579730157E+00 -5.7384965797301568E-01 -5.4111115862209047E-01
  1.5000000000000000E+01  2.4000000000000000E+01  6.6956226199987769E+00  1.4103921731839897E-01 -3.0989422641640396E-02  0.0000000000000000E+00  6.9595608260080724E+00  0.0000000000000000E+00  0.0000000000000000E+00
  1.5000000000000000E+01  2.5000000000000000E+01  5.9457863231978170E+00  1.4103921731839897E-01 -3.0989422641640396E-02  5.5358229999999997E+00  6.2972710484693550E+00 -7.6144804846935532E-01 -6.8828738936527567E-01
  1.5000000000000000E+01  3.0000000000000000E+01  3.2832272729208309E+00  1.4103921731839897E-01 -3.0989422641640396E-02  3.1465169999999998E+00  3.8194879634173859E+00 -6.7297096341738616E-01 -3.4637472798155322E-01
  1.5000000000000000E+01  4.8000000000000000E+01  3.8710687378989783E-01  1.4103921731839897E-01 -3.0989422641640396E-02  3.9510099999999998E-01  6.3135711392862681E-01 -2.3625611392862683E-01  4.6903781557542823E-01
  1.6000000000000000E+01  0.0000000000000000E+00  2.7331214802992432E+00  1.2823514568070565E-01  6.0399355704343494E-01  0.0000000000000000E+00  4.9999999999999982E+00  0.0000000000000000E+00  0.0000000000000000E+00
  1.6000000000000000E+01  1.0000000000000000E+00  2.5684510073771336E+00  1.2823514568070565E-01  6.0399355704343494E-01  2.2913910000000000E+00  4.5241870901797965E+00 -2.2327960901797965E+00 -1.3112501050579515E+00
  1.6000000000000000E+01  4.0000000000000000E+00  2.1316128913575785E+00  1.2823514568070565E-01  6.0399355704343494E-01  2.3013970000000001E+00  3.3516002301781964E+00 -1.0502032301781963E+00 -8.1285326468046773E-02
  1.6000000000000000E+01  1.1500000000000000E+01  1.3375221042948948E+00  1.2823514568070565E-01  6.0399355704343494E-01  1.1731730000000000E+00  1.5831838468952670E+00 -4.1001084689526701E-01 -1.2792950076412370E+00
  1.6000000000000000E+01  1.2000000000000000E+01  4.0297248423089256E+00  1.2823514568070565E-01  6.0399355704343494E-01  0.0000000000000000E+00  6.5059710595610092E+00  0.0000000000000000E+00  0.0000000000000000E+00
  1.6000000000000000E+01  1.3000000000000000E+01  3.7869340624946557E+00  1.2823514568070565E-01  6.0399355704343494E-01  4.3690140000000000E+00  5.8868460553498601E+00 -1.5178320553498601E+00  2.4090529878570230E-01
  1.6000000000000000E+01  1.6000000000000000E+01  3.1428582609321527E+00  1.2823514568070565E-01  6.0399355704343494E-01  2.7966020000000000E+00  4.3610828201514744E+00 -1.5644808201514744E+00 -1.2130553859005377E+00
  1.6000000000000000E+01  2.3500000000000000E+01  1.9720477445533542E+00  1.2823514568070565E-01  6.0399355704343494E-01  2.0863550000000002E+00  2.0600296579730157E+00  2.6325342026984444E-02  4.9277884728084653E-01
  1.6000000000000000E+01  2.4000000000000000E+01  4.6448384735518156E+00  1.2823514568070565E-01  6.0399355704343494E-01  0.0000000000000000E+00  6.9595608260080724E+00  0.0000000000000000E+00  0.0000000000000000E+00
  1.6000000000000000E+01  2.5000000000000000E+01  4.3649871191206744E+00  1.2823514568070565E-01  6.0399355704343494E-01  4.3822530000000004E+00  6.2972710484693550E+00 -1.9150180484693546E+00 -5.0239262727848433E-01
  1.6000000000000000E+01  3.0000000000000000E+01  3.1992245203694658E+00  1.2823514568070565E-01  6.0399355704343494E-01  3.0342500000000001E+00  3.8194879634173859E+00 -7.8523796341738583E-01 -4.4609872849635390E-01
  1.6000000000000000E+01  4.8000000000000000E+01  1.0453627768094385E+00  1.2823514568070565E-01  6.0399355704343494E-01  1.0909590000000000E+00  6.3135711392862681E-01  4.5960188607137320E-01  1.9009402309979246E+00
  1.7000000000000000E+01  0.0000000000000000E+00  6.0103514371519191E+00 -1.1118813869699526E-01 -1.8404530980305026E-01  0.0000000000000000E+00  4.9999999999999982E+00  0.0000000000000000E+00  0.0000000000000000E+00
  1.7000000000000000E+01  1.0000000000000000E+00  5.3974441285101635E+00 -1.1118813869699526E-01 -1.8404530980305026E-01  5.3877870000000003E+00  4.5241870901797965E+00  8.6359990982020385E-01  7.8217470010704304E-01
  1.7000000000000000E+01  4.0000000000000000E+00  3.9088861498156739E+00 -1.1118813869699526E-01 -1.8404530980305026E-01  3.7430490000000001E+00  3.3516002301781964E+00  3.9144876982180365E-01 -8.0044221874539301E-02
  1.7000000000000000E+01  1.1500000000000000E+01  1.7446776039130119E+00 -1.1118813869699526E-01 -1.8404530980305026E-01  1.7633179999999999E+00  1.5831838468952670E+00  1.8013415310473291E-01 -2.4870865461371799E-01
  1.7000000000000000E+01  1.2000000000000000E+01  7.6636806159741857E+00 -1.1118813869699526E-01 -1.8404530980305026E-01  0.0000000000000000E+00  6.5059710595610092E+00  0.0000000000000000E+00  0.0000000000000000E+00
  1.7000000000000000E+01  1.3000000000000000E+01  6.8821745909533725E+00 -1.1118813869699526E-01 -1.8404530980305026E-01  5.5724380000000000E+00  5.8868460553498601E+00 -3.1440805534986005E-01 -1.6293067688072236E+00
  1.7000000000000000E+01  1.6000000000000000E+01  4.9841436610880763E+00 -1.1118813869699526E-01 -1.8404530980305026E-01  4.3959669999999997E+00  4.3610828201514744E+00  3.4884179848525321E-02 -1.1696370684225432E+00
  1.7000000000000000E+01  2.3500000000000000E+01  2.2246040142651440E+00 -1.1118813869699526E-01 -1.8404530980305026E-01  2.4290650000000000E+00  2.0600296579730157E+00  3.6903534202698429E-01  2.3949581748265128E-01
  1.7000000000000000E+01  2.4000000000000000E+01  8.1184788756314319E+00 -1.1118813869699526E-01 -1.8404530980305026E-01  0.0000000000000000E+00  6.9595608260080724E+00  0.0000000000000000E+00  0.0000000000000000E+00
  1.7000000000000000E+01  2.5000000000000000E+01  7.2905946678676861E+00 -1.1118813869699526E-01 -1.8404530980305026E-01  8.4032070000000001E+00  6.2972710484693550E+00  2.1059359515306451E+00  2.0724468525562245E+00
  1.7000000000000000E+01  3.0000000000000000E+01  4.2579876436260644E+00 -1.1118813869699526E-01 -1.8404530980305026E-01  4.9918849999999999E+00  3.8194879634173859E+00  1.1723970365826140E+00  1.4917022617837150E+00
  1.7000000000000000E+01  4.8000000000000000E+01  6.1431849739736832E-01 -1.1118813869699526E-01 -1.8404530980305026E-01  5.6446399999999997E-01  6.3135711392862681E-01 -6.6893113928626846E-02 -1.4092965253063487E+00
  1.8000000000000000E+01  0.0000000000000000E+00  3.8354247736622273E+00 -3.8003412729104813E-01  2.6515772138554627E-01  0.0000000000000000E+00  4.9999999999999982E+00  0.0000000000000000E+00  0.0000000000000000E+00
  1.8000000000000000E+01  1.0000000000000000E+00  3.6394188104944223E+00 -3.8003412729104813E-01  2.6515772138554627E-01  3.5004160000000000E+00  4.5241870901797965E+00 -1.0237710901797965E+00 -4.5216558384654437E-01
  1.8000000000000000E+01  4.0000000000000000E+00  3.1094797606660842E+00 -3.8003412729104813E-01  2.6515772138554627E-01  3.3042490000000000E+00  3.3516002301781964E+00 -4.7351230178196424E-02  2.6715575764994359E-01
  1.8000000000000000E+01  1.1500000000000000E+01  2.0981038551134037E+00 -3.8003412729104813E-01  2.6515772138554627E-01  2.0338430000000001E+00  1.5831838468952670E+00  4.5065915310473303E-01 -1.0051516227603505E+00
  1.8000000000000000E+01  1.2000000000000000E+01  5.8792147503116476E+00 -3.8003412729104813E-01  2.6515772138554627E-01  0.0000000000000000E+00  6.5059710595610092E+00  0.0000000000000000E+00  0.0000000000000000E+00
  1.8000000000000000E+01  1.3000000000000000E+01  5.5787627227504668E+00 -3.8003412729104813E-01  2.6515772138554627E-01  6.6270930000000003E+00  5.8868460553498601E+00  7.4024694465014029E-01  1.5919448888482630E+00
  1.8000000000000000E+01  1.6000000000000000E+01  4.7664340597267945E+00 -3.8003412729104813E-01  2.6515772138554627E-01  3.7105660000000000E+00  4.3610828201514744E+00 -6.5051682015147438E-01 -2.3705573836255827E+00
  1.8000000000000000E+01  2.3500000000000000E+01  3.2161243827213113E+00 -3.8003412729104813E-01  2.6515772138554627E-01  3.4295260000000001E+00  2.0600296579730157E+00  1.3694963420269843E+00  1.0953669385450566E+00
  1.8000000000000000E+01  2.4000000000000000E+01  6.9682929398609605E+00 -3.8003412729104813E-01  2.6515772138554627E-01  0.0000000000000000E+00  6.9595608260080724E+00  0.0000000000000000E+00  0.0000000000000000E+00
  1.8000000000000000E+01  2.5000000000000000E+01  6.6121845425089987E+00 -3.8003412729104813E-01  2.6515772138554627E-01  6.6798140000000004E+00  6.2972710484693550E+00  3.8254295153064533E-01  3.6056053505763280E-01
  1.8000000000000000E+01  3.0000000000000000E+01  5.0867195919178334E+00 -3.8003412729104813E-01  2.6515772138554627E-01  4.4137849999999998E+00  3.8194879634173859E+00  5.9429703658261390E-01 -1.0372517675030557E+00
  1.8000000000000000E+01  4.8000000000000000E+01  1.9786637222835461E+00 -3.8003412729104813E-01  2.6515772138554627E-01  2.1003400000000001E+00  6.3135711392862681E-01  1.4689828860713732E+00  4.7014820936811095E+00
  1.9000000000000000E+01  0.0000000000000000E+00  4.5269652060974543E+00 -2.3779877493367269E-01  9.9386129872979290E-02  0.0000000000000000E+00  4.9999999999999982E+00  0.0000000000000000E+00  0.0000000000000000E+00
  1.9000000000000000E+01  1.0000000000000000E+00  4.2151032958019172E+00 -2.3779877493367269E-01  9.9386129872979290E-02  3.8293770000000000E+00  4.5241870901797965E+00 -6.9481009017979645E-01 -7.0191891145264884E-01
  1.9000000000000000E+01  4.0000000000000000E+00  3.4026040780973439E+00 -2.3779877493367269E-01  9.9386129872979290E-02  2.6823910000000000E+00  3.3516002301781964E+00 -6.6920923017819645E-01 -2.2215344340068794E+00
  1.9000000000000000E+01  1.1500000000000000E+01  1.9921379496390543E+00 -2.3779877493367269E-01  9.9386129872979290E-02  1.8954569999999999E+00  1.5831838468952670E+00  3.1227315310473291E-01 -1.1535228812687668E+00
  1.9000000000000000E+01  1.2000000000000000E+01  6.4492597861192289E+00 -2.3779877493367269E-01  9.9386129872979290E-02  0.0000000000000000E+00  6.5059710595610092E+00  0.0000000000000000E+00  0.0000000000000000E+00
  1.9000000000000000E+01  1.3000000000000000E+01  6.0049713091098846E+00 -2.3779877493367269E-01  9.9386129872979290E-02  6.2125199999999996E+00  5.8868460553498601E+00  3.2567394465013955E-01  2.8771569208295417E-01
  1.9000000000000000E+01  1.6000000000000000E+01  4.8474588714314253E+00 -2.3779877493367269E-01  9.9386129872979290E-02  5.5706059999999997E+00  4.3610828201514744E+00  1.2095231798485253E+00  1.3419592773697562E+00
  1.9000000000000000E+01  2.3500000000000000E+01  2.8380635993632568E+00 -2.3779877493367269E-01  9.9386129872979290E-02  2.9275579999999999E+00  2.0600296579730157E+00  8.6752834202698415E-01 -1.2156202240632952E-01
  1.9000000000000000E+01  2.4000000000000000E+01  7.2655277016322390E+00 -2.3779877493367269E-01  9.9386129872979290E-02  0.0000000000000000E+00  6.9595608260080724E+00  0.0000000000000000E+00  0.0000000000000000E+00
  1.9000000000000000E+01  2.5000000000000000E+01  6.7650066582444373E+00 -2.3779877493367269E-01  9.9386129872979290E-02  7.1358620000000004E+00  6.2972710484693550E+00  8.3859095153064533E-01  5.5645682632281324E-01
  1.9000000000000000E+01  3.0000000000000000E+01  4.7344938353782249E+00 -2.3779877493367269E-01  9.9386129872979290E-02  5.3583720000000001E+00  3.8194879634173859E+00  1.5388840365826142E+00  1.2493723890167598E+00
  1.9000000000000000E+01  4.8000000000000000E+01  1.3100646640988791E+00 -2.3779877493367269E-01  9.9386129872979290E-02  1.2282420000000001E+00  6.3135711392862681E-01  5.9688488607137324E-01 -3.3865582978539610E-01
  2.0000000000000000E+01  0.0000000000000000E+00  1.0566556535378799E+01 -2.5247716513524816E-02 -7.4825605720735389E-01  0.0000000000000000E+00  4.9999999999999982E+00  0.0000000000000000E+00  0.0000000000000000E+00
  2.0000000000000000E+01  1.0000000000000000E+00  8.5988775259139736E+00 -2.5247716513524816E-02 -7.4825605720735389E-01  8.0959710000000005E+00  4.5241870901797965E+00  3.5717839098202040E+00  1.8443865332308844E+00
  2.0000000000000000E+01  4.0000000000000000E+00  4.6341128997908063E+00 -2.5247716513524816E-02 -7.4825605720735389E-01  4.7139069999999998E+00  3.3516002301781964E+00  1.3623067698218034E+00 -1.8067264041132661E-01
  2.0000000000000000E+01  1.1500000000000000E+01  9.8804955609252842E-01 -2.5247716513524816E-02 -7.4825605720735389E-01  1.0070079999999999E+00  1.5831838468952670E+00 -5.7617584689526713E-01 -2.4843554711731812E+00
  2.0000000000000000E+01  1.2000000000000000E+01  1.1457874928230540E+01 -2.5247716513524816E-02 -7.4825605720735389E-01  0.0000000000000000E+00  6.5059710595610092E+00  0.0000000000000000E+00  0.0000000000000000E+00
  2.0000000000000000E+01  1.3000000000000000E+01  9.3242167289991951E+00 -2.5247716513524816E-02 -7.4825605720735389E-01  8.8356169999999992E+00  5.8868460553498601E+00  2.9487709446501391E+00  8.8919436550574582E-01
  2.0000000000000000E+01  1.6000000000000000E+01  5.0250131943480243E+00 -2.5247716513524816E-02 -7.4825605720735389E-01  5.2258750000000003E+00  4.3610828201514744E+00  8.6479217984852585E-01 -3.8883398159176130E-01
  2.0000000000000000E+01  2.3500000000000000E+01  1.0713942805016234E+00 -2.5247716513524816E-02 -7.4825605720735389E-01  9.6661100000000000E-01  2.0600296579730157E+00 -1.0934186579730159E+00 -2.2043164066284886E+00
  2.0000000000000000E+01  2.4000000000000000E+01  1.1533060110345058E+01 -2.5247716513524816E-02 -7.4825605720735389E-01  0.0000000000000000E+00  6.9595608260080724E+00  0.0000000000000000E+00  0.0000000000000000E+00
  2.0000000000000000E+01  2.5000000000000000E+01  9.3854011054421402E+00 -2.5247716513524816E-02 -7.4825605720735389E-01  1.0184279999999999E+01  6.2972710484693550E+00  3.8870089515306443E+00  2.8205136190557769E+00
  2.0000000000000000E+01  3.0000000000000000E+01  3.3496100376920950E+00 -2.5247716513524816E-02 -7.4825605720735389E-01  3.9015089999999999E+00  3.8194879634173859E+00  8.2021036582613949E-02 -3.6746513243870071E-02
  2.0000000000000000E+01  4.8000000000000000E+01  8.2062233030289228E-02 -2.5247716513524816E-02 -7.4825605720735389E-01  8.1742999999999996E-02  6.3135711392862681E-01 -5.4961411392862680E-01  2.4212708106642888E+00
  2.1000000000000000E+01  0.0000000000000000E+00  5.4158071560009766E+00  3.7574424969082637E-01 -7.9884016190581927E-02  0.0000000000000000E+00  4.9999999999999982E+00  0.0000000000000000E+00  0.0000000000000000E+00
  2.1000000000000000E+01  1.0000000000000000E+00  4.6255974158243873E+00  3.7574424969082637E-01 -7.9884016190581927E-02  4.8736660000000001E+00  4.5241870901797965E+00  3.4947890982020358E-01  6.8168057198256360E-01
  2.1000000000000000E+01  4.0000000000000000E+00  2.8819188757093483E+00  3.7574424969082637E-01 -7.9884016190581927E-02  3.3512450000000000E+00  3.3516002301781964E+00 -3.5523017819638625E-04  9.5889141386178189E-01
  2.1000000000000000E+01  1.1500000000000000E+01  8.8301188910313533E-01  3.7574424969082637E-01 -7.9884016190581927E-02  8.0810999999999999E-01  1.5831838468952670E+00 -7.7507384689526704E-01 -1.0148773298131097E+00
  2.1000000000000000E+01  1.2000000000000000E+01  6.2318611055725972E+00  3.7574424969082637E-01 -7.9884016190581927E-02  0.0000000000000000E+00  6.5059710595610092E+00  0.0000000000000000E+00  0.0000000000000000E+00
  2.1000000000000000E+01  1.3000000000000000E+01  5.3225825431713210E+00  3.7574424969082637E-01 -7.9884016190581927E-02  5.3830489999999998E+00  5.8868460553498601E+00 -5.0379705534986030E-01  1.5895484178826080E-02
  2.1000000000000000E+01  1.6000000000000000E+01  3.3161664796443793E+00  3.7574424969082637E-01 -7.9884016190581927E-02  3.0269550000000001E+00  4.3610828201514744E+00 -1.3341278201514744E+00 -1.0753168028745703E+00
  2.1000000000000000E+01  2.3500000000000000E+01  1.0160641413095066E+00  3.7574424969082637E-01 -7.9884016190581927E-02  1.0388820000000001E+00  2.0600296579730157E+00 -1.0211476579730157E+00 -2.0113088019337522E-01
  2.1000000000000000E+01  2.4000000000000000E+01  6.3548241338764280E+00  3.7574424969082637E-01 -7.9884016190581927E-02  0.0000000000000000E+00  6.9595608260080724E+00  0.0000000000000000E+00  0.0000000000000000E+00
  2.1000000000000000E+01  2.5000000000000000E+01  5.4276042785434733E+00  3.7574424969082637E-01 -7.9884016190581927E-02  4.9914959999999997E+00  6.2972710484693550E+00 -1.3057750484693553E+00 -7.2568694785366672E-01
  2.1000000000000000E+01  3.0000000000000000E+01  2.4667854369993498E+00  3.7574424969082637E-01 -7.9884016190581927E-02  2.4302540000000001E+00  3.8194879634173859E+00 -1.3892339634173858E+00 -4.6737135728532136E-01
  2.1000000000000000E+01  4.8000000000000000E+01  1.4428291062282009E-01  3.7574424969082637E-01 -7.9884016190581927E-02  1.5045300000000000E-01  6.3135711392862681E-01 -4.8090411392862681E-01  1.2882565171984006E+00
  2.2000000000000000E+01  0.0000000000000000E+00  3.0608346318908923E+00  2.6280368638131379E-01  4.9075027814093558E-01  0.0000000000000000E+00  4.9999999999999982E+00  0.0000000000000000E+00  0.0000000000000000E+00
  2.2000000000000000E+01  1.0000000000000000E+00  2.8265897685308969E+00  2.6280368638131379E-01  4.9075027814093558E-01  2.5680610000000001E+00  4.5241870901797965E+00 -1.9561260901797963E+00 -1.1369940026795671E+00
  2.2000000000000000E+01  4.0000000000000000E+00  2.2260326539078785E+00  2.6280368638131379E-01  4.9075027814093558E-01  2.3290000000000002E+00  3.3516002301781964E+00 -1.0226002301781962E+00 -1.2176390054081503E-01
  2.2000000000000000E+01  1.1500000000000000E+01  1.2251898807044312E+00  2.6280368638131379E-01  4.9075027814093558E-01  1.2688320000000000E+00  1.5831838468952670E+00 -3.1435184689526707E-01  6.5251930396036315E-02
  2.2000000000000000E+01  1.2000000000000000E+01  4.2382097654666904E+00  2.6280368638131379E-01  4.9075027814093558E-01  0.0000000000000000E+00  6.5059710595610092E+00  0.0000000000000000E+00  0.0000000000000000E+00
  2.2000000000000000E+01  1.3000000000000000E+01  3.9138606950990988E+00  2.6280368638131379E-01  4.9075027814093558E-01  3.9761500000000001E+00  5.8868460553498601E+00 -1.9106960553498600E+00 -4.9894814306527852E-01
  2.2000000000000000E+01  1.6000000000000000E+01  3.0822943630286290E+00  2.6280368638131379E-01  4.9075027814093558E-01  3.4315460000000000E+00  4.3610828201514744E+00 -9.2953682015147443E-01  3.7667415520350711E-01
  2.2000000000000000E+01  2.3500000000000000E+01  1.6964692123026097E+00  2.6280368638131379E-01  4.9075027814093558E-01  1.5422830000000001E+00  2.0600296579730157E+00 -5.1774665797301567E-01 -6.8764606437910014E-01
  2.2000000000000000E+01  2.4000000000000000E+01  4.6910967626012825E+00  2.6280368638131379E-01  4.9075027814093558E-01  0.0000000000000000E+00  6.9595608260080724E+00  0.0000000000000000E+00  0.0000000000000000E+00
  2.2000000000000000E+01  2.5000000000000000E+01  4.3320883703428592E+00  2.6280368638131379E-01  4.9075027814093558E-01  3.9695630000000000E+00  6.2972710484693550E+00 -2.3277080484693551E+00 -1.0892831863127941E+00
  2.2000000000000000E+01  3.0000000000000000E+01  2.9094566283064034E+00  2.6280368638131379E-01  4.9075027814093558E-01  2.9623499999999998E+00  3.8194879634173859E+00 -8.5713796341738613E-01 -6.6333137157295607E-02
  2.2000000000000000E+01  4.8000000000000000E+01  6.9410372711635993E-01  2.6280368638131379E-01  4.9075027814093558E-01  7.1043199999999995E-01  6.3135711392862681E-01  7.9074886071373141E-02  5.1500600647559613E-01
  2.3000000000000000E+01  0.0000000000000000E+00  2.3070007459448050E+00 -3.1527779340258938E-02  7.7348960990278481E-01  0.0000000000000000E+00  4.9999999999999982E+00  0.0000000000000000E+00  0.0000000000000000E+00
  2.3000000000000000E+01  1.0000000000000000E+00  2.2061309663630202E+00 -3.1527779340258938E-02  7.7348960990278481E-01  2.1250330000000002E+00  4.5241870901797965E+00 -2.3991540901797963E+00 -3.5544936556692086E-01
  2.3000000000000000E+01  4.0000000000000000E+00  1.9292208981260837E+00 -3.1527779340258938E-02  7.7348960990278481E-01  1.6958770000000001E+00  3.3516002301781964E+00 -1.6557232301781963E+00 -1.0785270178663713E+00
  2.3000000000000000E+01  1.1500000000000000E+01  1.3796172803273148E+00 -3.1527779340258938E-02  7.7348960990278481E-01  1.6805120000000000E+00  1.5831838468952670E+00  9.7328153104732973E-02  6.8661796891998983E-01
  2.3000000000000000E+01  1.2000000000000000E+01  3.6561201954405713E+00 -3.1527779340258938E-02  7.7348960990278481E-01  0.0000000000000000E+00  6.5059710595610092E+00  0.0000000000000000E+00  0.0000000000000000E+00
  2.3000000000000000E+01  1.3000000000000000E+01  3.4962624065400445E+00 -3.1527779340258938E-02  7.7348960990278481E-01  3.1014379999999999E+00  5.8868460553498601E+00 -2.7854080553498601E+00 -1.0957848841159872E+00
  2.3000000000000000E+01  1.6000000000000000E+01  3.0574170812485404E+00 -3.1527779340258938E-02  7.7348960990278481E-01  3.6946360000000000E+00  4.3610828201514744E+00 -6.6644682015147438E-01  9.2959559758860577E-01
  2.3000000000000000E+01  2.3500000000000000E+01  2.1864087428015813E+00 -3.1527779340258938E-02  7.7348960990278481E-01  2.1823299999999999E+00  2.0600296579730157E+00  1.2230034202698414E-01 -4.2454906004224902E-01
  2.3000000000000000E+01  2.4000000000000000E+01  4.4450767192766092E+00 -3.1527779340258938E-02  7.7348960990278481E-01  0.0000000000000000E+00  6.9595608260080724E+00  0.0000000000000000E+00  0.0000000000000000E+00
  2.3000000000000000E+01  2.5000000000000000E+01  4.2507231154965943E+00 -3.1527779340258938E-02  7.7348960990278481E-01  3.2278680000000000E+00  6.2972710484693550E+00 -3.0694030484693551E+00 -1.7812539600852169E+00
  2.3000000000000000E+01  3.0000000000000000E+01  3.3992303462025948E+00 -3.1527779340258938E-02  7.7348960990278481E-01  3.2032180000000001E+00  3.8194879634173859E+00 -6.1626996341738582E-01 -5.1448991472196326E-01
  2.3000000000000000E+01  4.8000000000000000E+01  1.5201435382235780E+00 -3.1527779340258938E-02  7.7348960990278481E-01  1.4851970000000001E+00  6.3135711392862681E-01  8.5383988607137329E-01  2.4718709882609478E+00
  2.4000000000000000E+01  0.0000000000000000E+00  4.0192365245464039E+00 -6.4674076942421010E-01  2.1834594710718172E-01  0.0000000000000000E+00  4.9999999999999982E+00  0.0000000000000000E+00  0.0000000000000000E+00
  2.4000000000000000E+01  1.0000000000000000E+00  3.8535332746652542E+00 -6.4674076942421010E-01  2.1834594710718172E-01  3.8416410000000001E+00  4.5241870901797965E+00 -6.8254609017979639E-01  3.7331105140328358E-01
  2.4000000000000000E+01  4.0000000000000000E+00  3.3962977744895784E+00 -6.4674076942421010E-01  2.1834594710718172E-01  3.2274219999999998E+00  3.3516002301781964E+00 -1.2417823017819662E-01 -9.0680523583776906E-01
  2.4000000000000000E+01  1.1500000000000000E+01  2.4766941500749518E+00 -6.4674076942421010E-01  2.1834594710718172E-01  2.4083000000000001E+00  1.5831838468952670E+00  8.2511615310473307E-01 -2.3878387578328084E+00
  2.4000000000000000E+01  1.2000000000000000E+01  6.4443393235452335E+00 -6.4674076942421010E-01  2.1834594710718172E-01  0.0000000000000000E+00  6.5059710595610092E+00  0.0000000000000000E+00  0.0000000000000000E+00
  2.4000000000000000E+01  1.3000000000000000E+01  6.1786550417850679E+00 -6.4674076942421010E-01  2.1834594710718172E-01  6.6300480000000004E+00  5.8868460553498601E+00  7.4320194465014033E-01  7.5353660126966571E-01
  2.4000000000000000E+01  1.6000000000000000E+01  5.4455355311746487E+00 -6.4674076942421010E-01  2.1834594710718172E-01  5.6947570000000001E+00  4.3610828201514744E+00  1.3336741798485257E+00  8.9307190356451405E-02
  2.4000000000000000E+01  2.3500000000000000E+01  3.9710669940042180E+00 -6.4674076942421010E-01  2.1834594710718172E-01  3.9935440000000000E+00  2.0600296579730157E+00  1.9335143420269842E+00 -7.3103316397104479E-01
  2.4000000000000000E+01  2.4000000000000000E+01  7.9075832878639725E+00 -6.4674076942421010E-01  2.1834594710718172E-01  0.0000000000000000E+00  6.9595608260080724E+00  0.0000000000000000E+00  0.0000000000000000E+00
  2.4000000000000000E+01  2.5000000000000000E+01  7.5815730514664512E+00 -6.4674076942421010E-01  2.1834594710718172E-01  7.1981080000000004E+00  6.2972710484693550E+00  9.0083695153064536E-01 -1.3307098648775084E-01
  2.4000000000000000E+01  3.0000000000000000E+01  6.1423854941118456E+00 -6.4674076942421010E-01  2.1834594710718172E-01  6.5327419999999998E+00  3.8194879634173859E+00  2.7132540365826139E+00  1.0899179176926259E+00
  2.4000000000000000E+01  4.8000000000000000E+01  2.8788361788736783E+00 -6.4674076942421010E-01  2.1834594710718172E-01  2.9522889999999999E+00  6.3135711392862681E-01  2.3209318860713730E+00  6.3498574603817559E+00
  2.5000000000000000E+01  0.0000000000000000E+00  3.6419728195192080E+00  1.0128635890455020E+00  3.1691239422100054E-01  0.0000000000000000E+00  4.9999999999999982E+00  0.0000000000000000E+00  0.0000000000000000E+00
  2.5000000000000000E+01  1.0000000000000000E+00  2.9801210734759298E+00  1.0128635890455020E+00  3.1691239422100054E-01  3.0962950000000000E+00  4.5241870901797965E+00 -1.4278920901797965E+00 -1.1713486886537672E-01
  2.5000000000000000E+01  4.0000000000000000E+00  1.6327719591017273E+00  1.0128635890455020E+00  3.1691239422100054E-01  1.5331200000000000E+00  3.3516002301781964E+00 -1.8184802301781964E+00 -1.2612167331588966E+00
  2.5000000000000000E+01  1.1500000000000000E+01  3.6278940487758254E-01  1.0128635890455020E+00  3.1691239422100054E-01  3.6572700000000002E-01  1.5831838468952670E+00 -1.2174568468952671E+00 -8.9439561984576499E-01
  2.5000000000000000E+01  1.2000000000000000E+01  3.9701460855950401E+00  1.0128635890455020E+00  3.1691239422100054E-01  0.0000000000000000E+00  6.5059710595610092E+00  0.0000000000000000E+00  0.0000000000000000E+00
  2.5000000000000000E+01  1.3000000000000000E+01  3.2486557700399534E+00  1.0128635890455020E+00  3.1691239422100054E-01  3.3777330000000001E+00  5.8868460553498601E+00 -2.5091130553498600E+00 -4.9442700034092379E-01
  2.5000000000000000E+01  1.6000000000000000E+01  1.7798988414616532E+00  1.0128635890455020E+00  3.1691239422100054E-01  1.7070689999999999E+00  4.3610828201514744E+00 -2.6540138201514747E+00 -1.1742178987420866E+00
  2.5000000000000000E+01  2.3500000000000000E+01  3.9547986957800313E-01  1.0128635890455020E+00  3.1691239422100054E-01  3.5198099999999999E-01  2.0600296579730157E+00 -1.7080486579730159E+00 -6.8708922183677079E-01
  2.5000000000000000E+01  2.4000000000000000E+01  3.9997173366460292E+00  1.0128635890455020E+00  3.1691239422100054E-01  0.0000000000000000E+00  6.9595608260080724E+00  0.0000000000000000E+00  0.0000000000000000E+00
  2.5000000000000000E+01  2.5000000000000000E+01  3.2728530699082516E+00  1.0128635890455020E+00  3.1691239422100054E-01  3.2971900000000001E+00  6.2972710484693550E+00 -3.0000810484693550E+00 -6.1151148315905091E-01
  2.5000000000000000E+01  3.0000000000000000E+01  1.2006392865815687E+00  1.0128635890455020E+00  3.1691239422100054E-01  1.2497100000000001E+00  3.8194879634173859E+00 -2.5697779634173861E+00 -7.0001654550364623E-01
  2.5000000000000000E+01  4.8000000000000000E+01  3.2475982484285855E-02  1.0128635890455020E+00  3.1691239422100054E-01  3.4381000000000002E-02  6.3135711392862681E-01 -5.9697611392862682E-01  1.3637678854515918E+00
  2.6000000000000000E+01  0.0000000000000000E+00  6.1772801661718013E+00 -3.1563277850181475E-02 -2.1144015960074600E-01  0.0000000000000000E+00  4.9999999999999982E+00  0.0000000000000000E+00  0.0000000000000000E+00
  2.6000000000000000E+01  1.0000000000000000E+00  5.4803615482734767E+00 -3.1563277850181475E-02 -2.1144015960074600E-01  6.2054309999999999E+00  4.5241870901797965E+00  1.6812439098202034E+00  1.6148428648971533E+00
  2.6000000000000000E+01  4.0000000000000000E+00  3.8268808919724835E+00 -3.1563277850181475E-02 -2.1144015960074600E-01  3.7737240000000001E+00  3.3516002301781964E+00  4.2212376982180366E-01 -1.8112073737352896E-01
  2.6000000000000000E+01  1.1500000000000000E+01  1.5593165296086269E+00 -3.1563277850181475E-02 -2.1144015960074600E-01  1.5888899999999999E+00  1.5831838468952670E+00  5.7061531047328806E-03  2.0547443423703166E-01
  2.6000000000000000E+01  1.2000000000000000E+01  7.6460043247084295E+00 -3.1563277850181475E-02 -2.1144015960074600E-01  0.0000000000000000E+00  6.5059710595610092E+00  0.0000000000000000E+00  0.0000000000000000E+00
  2.6000000000000000E+01  1.3000000000000000E+01  6.7833847537844365E+00 -3.1563277850181475E-02 -2.1144015960074600E-01  7.0769039999999999E+00  5.8868460553498601E+00  1.1900579446501398E+00  6.2043826104727129E-01
  2.6000000000000000E+01  1.6000000000000000E+01  4.7367687822226383E+00 -3.1563277850181475E-02 -2.1144015960074600E-01  4.1941649999999999E+00  4.3610828201514744E+00 -1.6691782015147449E-01 -1.1260020943713023E+00
  2.6000000000000000E+01  2.3500000000000000E+01  1.9300631682965361E+00 -3.1563277850181475E-02 -2.1144015960074600E-01  1.8848020000000001E+00  2.0600296579730157E+00 -1.7522765797301565E-01 -6.4090258239793418E-03
  2.6000000000000000E+01  2.4000000000000000E+01  7.9952115155498253E+00 -3.1563277850181475E-02 -2.1144015960074600E-01  0.0000000000000000E+00  6.9595608260080724E+00  0.0000000000000000E+00  0.0000000000000000E+00
  2.6000000000000000E+01  2.5000000000000000E+01  7.0931945097913092E+00 -3.1563277850181475E-02 -2.1144015960074600E-01  7.0655349999999997E+00  6.2972710484693550E+00  7.6826395153064464E-01  1.3272407686756812E-01
  2.6000000000000000E+01  3.0000000000000000E+01  3.8985349089377173E+00 -3.1563277850181475E-02 -2.1144015960074600E-01  3.8490090000000001E+00  3.8194879634173859E+00  2.9521036582614180E-02  4.6382359848416155E-03
  2.6000000000000000E+01  4.8000000000000000E+01  4.5197648130280460E-01 -3.1563277850181475E-02 -2.1144015960074600E-01  4.7474000000000000E-01  6.3135711392862681E-01 -1.5661711392862682E-01  8.6501123086147480E-01
  2.7000000000000000E+01  0.0000000000000000E+00  3.2430790195396417E+00  2.0792542291559424E-01  4.3291471922024966E-01  0.0000000000000000E+00  4.9999999999999982E+00  0.0000000000000000E+00  0.0000000000000000E+00
  2.7000000000000000E+01  1.0000000000000000E+00  2.9941809347685808E+00  2.0792542291559424E-01  4.3291471922024966E-01  3.3577010000000000E+00  4.5241870901797965E+00 -1.1664860901797964E+00  2.5795175515741958E-01
  2.7000000000000000E+01  4.0000000000000000E+00  2.3563487634588838E+00  2.0792542291559424E-01  4.3291471922024966E-01  2.4130569999999998E+00  3.3516002301781964E+00 -9.3854323017819663E-01 -1.4616744835285078E-01
  2.7000000000000000E+01  1.1500000000000000E+01  1.2946232322238787E+00  2.0792542291559424E-01  4.3291471922024966E-01  1.3630920000000000E+00  1.5831838468952670E+00 -2.2009184689526706E-01  3.6575800369317579E-01
  2.7000000000000000E+01  1.2000000000000000E+01  4.4870311013854058E+00  2.0792542291559424E-01  4.3291471922024966E-01  0.0000000000000000E+00  6.5059710595610092E+00  0.0000000000000000E+00  0.0000000000000000E+00
  2.7000000000000000E+01  1.3000000000000000E+01  4.1426628511163930E+00  2.0792542291559424E-01  4.3291471922024966E-01  3.6243900000000000E+00  5.8868460553498601E+00 -2.2624560553498601E+00 -1.3152613788030847E+00
  2.7000000000000000E+01  1.6000000000000000E+01  3.2601765555659825E+00  2.0792542291559424E-01  4.3291471922024966E-01  3.3403980000000000E+00  4.3610828201514744E+00 -1.0206848201514744E+00 -4.0424444434249210E-02
  2.7000000000000000E+01  2.3500000000000000E+01  1.7912035669082274E+00  2.0792542291559424E-01  4.3291471922024966E-01  1.6210640000000001E+00  2.0600296579730157E+00 -4.3896565797301568E-01 -5.3989521841161692E-01
  2.7000000000000000E+01  2.4000000000000000E+01  4.9641754363230310E+00  2.0792542291559424E-01  4.3291471922024966E-01  0.0000000000000000E+00  6.9595608260080724E+00  0.0000000000000000E+00  0.0000000000000000E+00
  2.7000000000000000E+01  2.5000000000000000E+01  4.5831875691992323E+00  2.0792542291559424E-01  4.3291471922024966E-01  3.9908280000000000E+00  6.2972710484693550E+00 -2.3064430484693550E+00 -1.2727375429885377E+00
  2.7000000000000000E+01  3.0000000000000000E+01  3.0744694473198169E+00  2.0792542291559424E-01  4.3291471922024966E-01  3.2116750000000001E+00  3.8194879634173859E+00 -6.0781296341738589E-01  3.4848003810334194E-01
  2.7000000000000000E+01  4.8000000000000000E+01  7.3036400679940261E-01  2.0792542291559424E-01  4.3291471922024966E-01  7.6917500000000005E-01  6.3135711392862681E-01  1.3781788607137324E-01  9.1260063597853502E-01
  2.8000000000000000E+01  0.0000000000000000E+00  4.1229082766341163E+00 -4.3099636337644320E-01  1.9287910571059155E-01  0.0000000000000000E+00  4.9999999999999982E+00  0.0000000000000000E+00  0.0000000000000000E+00
  2.8000000000000000E+01  1.0000000000000000E+00  3.9077917249084813E+00 -4.3099636337644320E-01  1.9287910571059155E-01  4.2428189999999999E+00  4.5241870901797965E+00 -2.8136809017979658E-01  1.2144893705299942E+00
  2.8000000000000000E+01  4.0000000000000000E+00  3.3274735843926693E+00 -4.3099636337644320E-01  1.9287910571059155E-01  3.1053839999999999E+00  3.3516002301781964E+00 -2.4621623017819649E-01 -6.5121456523981958E-01
  2.8000000000000000E+01  1.1500000000000000E+01  2.2262433507116928E+00 -4.3099636337644320E-01  1.9287910571059155E-01  2.1268590000000001E+00  1.5831838468952670E+00  5.4367515310473302E-01 -1.6052110537526554E+00
  2.8000000000000000E+01  1.2000000000000000E+01  6.2902954718655693E+00 -4.3099636337644320E-01  1.9287910571059155E-01  0.0000000000000000E+00  6.5059710595610092E+00  0.0000000000000000E+00  0.0000000000000000E+00
  2.8000000000000000E+01  1.3000000000000000E+01  5.9620934890778781E+00 -4.3099636337644320E-01  1.9287910571059155E-01  4.9645770000000002E+00  5.8868460553498601E+00 -9.2226905534985981E-01 -1.3806438069918578E+00
  2.8000000000000000E+01  1.6000000000000000E+01  5.0767057174856927E+00 -4.3099636337644320E-01  1.9287910571059155E-01  6.0922660000000004E+00  4.3610828201514744E+00  1.7311831798485260E+00  2.1733526112071790E+00
  2.8000000000000000E+01  2.3500000000000000E+01  3.3965656106434263E+00 -4.3099636337644320E-01  1.9287910571059155E-01  3.8400110000000001E+00  2.0600296579730157E+00  1.7799813420269843E+00  1.3947745128948505E+00
  2.8000000000000000E+01  2.4000000000000000E+01  7.4296774175362819E+00 -4.3099636337644320E-01  1.9287910571059155E-01  0.0000000000000000E+00  6.9595608260080724E+00  0.0000000000000000E+00  0.0000000000000000E+00
  2.8000000000000000E+01  2.5000000000000000E+01  7.0420271281636033E+00 -4.3099636337644320E-01  1.9287910571059155E-01  6.0559089999999998E+00  6.2972710484693550E+00 -2.4136204846935527E-01 -1.0062604691279529E+00
  2.8000000000000000E+01  3.0000000000000000E+01  5.3868684877600401E+00 -4.3099636337644320E-01  1.9287910571059155E-01  5.3231390000000003E+00  3.8194879634173859E+00  1.5036510365826143E+00  8.2801436562824460E-02
  2.8000000000000000E+01  4.8000000000000000E+01  2.0532206257591405E+00 -4.3099636337644320E-01  1.9287910571059155E-01  2.0280399999999998E+00  6.3135711392862681E-01  1.3966828860713729E+00  2.4573186608207882E+00
  2.9000000000000000E+01  0.0000000000000000E+00  6.5547712305600916E+00 -8.8348095606611488E-01 -2.7075530418171145E-01  0.0000000000000000E+00  4.9999999999999982E+00  0.0000000000000000E+00  0.0000000000000000E+00
  2.9000000000000000E+01  1.0000000000000000E+00  6.2090383357780112E+00 -8.8348095606611488E-01 -2.7075530418171145E-01  6.0966110000000002E+00  4.5241870901797965E+00  1.5724239098202037E+00  1.2809067617580134E+00
  2.9000000000000000E+01  4.0000000000000000E+00  5.2774575467820872E+00 -8.8348095606611488E-01 -2.7075530418171145E-01  5.7621320000000003E+00  3.3516002301781964E+00  2.4105317698218038E+00  1.8690331593903315E+00
  2.9000000000000000E+01  1.1500000000000000E+01  3.5150035363346745E+00 -8.8348095606611488E-01 -2.7075530418171145E-01  4.1372549999999997E+00  1.5831838468952670E+00  2.5540711531047329E+00  2.0525864596041181E+00
  2.9000000000000000E+01  1.2000000000000000E+01  9.9758192286349061E+00 -8.8348095606611488E-01 -2.7075530418171145E-01  0.0000000000000000E+00  6.5059710595610092E+00  0.0000000000000000E+00  0.0000000000000000E+00
  2.9000000000000000E+01  1.3000000000000000E+01  9.4496423815073243E+00 -8.8348095606611488E-01 -2.7075530418171145E-01  8.1113020000000002E+00  5.8868460553498601E+00  2.2244559446501402E+00 -9.3774946519946278E-01
  2.9000000000000000E+01  1.6000000000000000E+01  8.0318535341155712E+00 -8.8348095606611488E-01 -2.7075530418171145E-01  7.5378299999999996E+00  4.3610828201514744E+00  3.1767471798485252E+00 -5.7857838177677556E-01
  2.9000000000000000E+01  2.3500000000000000E+01  5.3495444208646932E+00 -8.8348095606611488E-01 -2.7075530418171145E-01  5.1680190000000001E+00  2.0600296579730157E+00  3.1079893420269844E+00 -1.1637031876938733E+00
  2.9000000000000000E+01  2.4000000000000000E+01  1.1761323099550573E+01 -8.8348095606611488E-01 -2.7075530418171145E-01  0.0000000000000000E+00  6.9595608260080724E+00  0.0000000000000000E+00  0.0000000000000000E+00
  2.9000000000000000E+01  2.5000000000000000E+01  1.1140969445907118E+01 -8.8348095606611488E-01 -2.7075530418171145E-01  1.1504769000000000E+01  6.2972710484693550E+00  5.2074979515306445E+00  2.1944416041178969E+00
  2.9000000000000000E+01  3.0000000000000000E+01  8.4968312889598820E+00 -8.8348095606611488E-01 -2.7075530418171145E-01  9.0200099999999992E+00  3.8194879634173859E+00  5.2005220365826137E+00  2.0307422908454660E+00
  2.9000000000000000E+01  4.8000000000000000E+01  3.2037560400934124E+00 -8.8348095606611488E-01 -2.7075530418171145E-01  3.1495970000000000E+00  6.3135711392862681E-01  2.5182398860713731E+00  3.7056348619888393E+00
  3.0000000000000000E+01  0.0000000000000000E+00  5.9539455852736189E+00  4.8549929210000420E-01 -1.7461621092954918E-01  0.0000000000000000E+00  4.9999999999999982E+00  0.0000000000000000E+00  0.0000000000000000E+00
  3.0000000000000000E+01  1.0000000000000000E+00  4.9064592003198513E+00  4.8549929210000420E-01 -1.7461621092954918E-01  4.3694930000000003E+00  4.5241870901797965E+00 -1.5469409017979618E-01 -3.5241315092769254E-01
  3.0000000000000000E+01  4.0000000000000000E+00  2.7457322433016516E+00  4.8549929210000420E-01 -1.7461621092954918E-01  2.7830390000000000E+00  3.3516002301781964E+00 -5.6856123017819638E-01 -5.0123379976269089E-01
  3.0000000000000000E+01  1.1500000000000000E+01  6.4325498922493463E-01  4.8549929210000420E-01 -1.7461621092954918E-01  6.3437299999999996E-01  1.5831838468952670E+00 -9.4881084689526707E-01 -1.4583987998389027E+00
  3.0000000000000000E+01  1.2000000000000000E+01  6.5378810180047964E+00  4.8549929210000420E-01 -1.7461621092954918E-01  0.0000000000000000E+00  6.5059710595610092E+00  0.0000000000000000E+00  0.0000000000000000E+00
  3.0000000000000000E+01  1.3000000000000000E+01  5.3876620153746311E+00  4.8549929210000420E-01 -1.7461621092954918E-01  5.7719329999999998E+00  5.8868460553498601E+00 -1.1491305534986029E-01  7.7343835913435965E-01
  3.0000000000000000E+01  1.6000000000000000E+01  3.0150209565915325E+00  4.8549929210000420E-01 -1.7461621092954918E-01  2.7039580000000001E+00  4.3610828201514744E+00 -1.6571248201514743E+00 -1.5261567447490807E+00
  3.0000000000000000E+01  2.3500000000000000E+01  7.0634246207967522E-01  4.8549929210000420E-01 -1.7461621092954918E-01  6.9806599999999996E-01  2.0600296579730157E+00 -1.3619636579730159E+00 -1.0193909470922913E+00
  3.0000000000000000E+01  2.4000000000000000E+01  6.5951507032438297E+00  4.8549929210000420E-01 -1.7461621092954918E-01  0.0000000000000000E+00  6.9595608260080724E+00  0.0000000000000000E+00  0.0000000000000000E+00
  3.0000000000000000E+01  2.5000000000000000E+01  5.4348561608393586E+00  4.8549929210000420E-01 -1.7461621092954918E-01  5.8622050000000003E+00  6.2972710484693550E+00 -4.3506604846935470E-01  7.6547384451408751E-01
  3.0000000000000000E+01  3.0000000000000000E+01  2.0654025441168877E+00  4.8549929210000420E-01 -1.7461621092954918E-01  2.2805279999999999E+00  3.8194879634173859E+00 -1.5389599634173861E+00 -4.4714972176903317E-01
  3.0000000000000000E+01  4.8000000000000000E+01  6.3437295398359086E-02  4.8549929210000420E-01 -1.7461621092954918E-01  6.3963999999999993E-02  6.3135711392862681E-01 -5.6739311392862679E-01  1.3434222665323472E+00
