TABLE NO.  1
 ID                      TIME                    IPRED                   ETA1                    ETA2                    DV                      PRED                    RES                     WRES
  1.0000000000000000E+00  0.0000000000000000E+00  5.1607972041459451E+00  1.8082015704734625E-01 -3.1653152053458831E-02  0.0000000000000000E+00  4.9999999999999982E+00  0.0000000000000000E+00  0.0000000000000000E+00
  1.0000000000000000E+00  1.0000000000000000E+00  4.5550260574077504E+00  1.8082015704734625E-01 -3.1653152053458831E-02  4.7006969999999999E+00  4.5241870901797965E+00  1.7650990982020343E-01  2.5322684982349708E-01
  1.0000000000000000E+00  4.0000000000000000E+00  3.1319374660369008E+00  1.8082015704734625E-01 -3.1653152053458831E-02  2.8349400000000000E+00  3.3516002301781964E+00 -5.1666023017819640E-01 -1.0176986267549042E+00
  1.0000000000000000E+00  1.1500000000000000E+01  1.2277745393226225E+00  1.8082015704734625E-01 -3.1653152053458831E-02  1.4077090000000001E+00  1.5831838468952670E+00 -1.7547484689526693E-01  8.4688664777816891E-01
  1.0000000000000000E+00  1.2000000000000000E+01  6.3142654922701213E+00  1.8082015704734625E-01 -3.1653152053458831E-02  0.0000000000000000E+00  6.5059710595610092E+00  0.0000000000000000E+00  0.0000000000000000E+00
  1.0000000000000000E+00  1.3000000000000000E+01  5.5731009595911276E+00  1.8082015704734625E-01 -3.1653152053458831E-02  6.2365089999999999E+00  5.8868460553498601E+00  3.4966294465013981E-01  9.7368064089611139E-01
  1.0000000000000000E+00  1.6000000000000000E+01  3.8319437643970389E+00  1.8082015704734625E-01 -3.1653152053458831E-02  3.8833340000000001E+00  4.3610828201514744E+00 -4.7774882015147435E-01 -6.3815028045176733E-02
  1.0000000000000000E+00  2.3500000000000000E+01  1.5021893128652071E+00  1.8082015704734625E-01 -3.1653152053458831E-02  1.3324520000000000E+00  2.0600296579730157E+00 -7.2757765797301577E-01 -7.4683129486210054E-01
  1.0000000000000000E+00  2.4000000000000000E+01  6.5720723850965364E+00  1.8082015704734625E-01 -3.1653152053458831E-02  0.0000000000000000E+00  6.9595608260080724E+00  0.0000000000000000E+00  0.0000000000000000E+00
  1.0000000000000000E+00  2.5000000000000000E+01  5.8006466406460344E+00  1.8082015704734625E-01 -3.1653152053458831E-02  5.4636339999999999E+00  6.2972710484693550E+00 -8.3363704846935516E-01 -6.2453665924678492E-01
  1.0000000000000000E+00  3.0000000000000000E+01  3.1070394741126752E+00  1.8082015704734625E-01 -3.1653152053458831E-02  2.9625800000000000E+00  3.8194879634173859E+00 -8.5690796341738595E-01 -4.7438393225930486E-01
  1.0000000000000000E+00  4.8000000000000000E+01  3.2830694445247388E-01  1.8082015704734625E-01 -3.1653152053458831E-02  3.3534399999999998E-01  6.3135711392862681E-01 -2.9601311392862684E-01  4.6956444324584456E-01
  2.0000000000000000E+00  0.0000000000000000E+00  7.2851564675788083E+00 -3.1805168230806113E-01 -3.7640100503029850E-01  0.0000000000000000E+00  4.9999999999999982E+00  0.0000000000000000E+00  0.0000000000000000E+00
  2.0000000000000000E+00  1.0000000000000000E+00  6.5648259315308648E+00 -3.1805168230806113E-01 -3.7640100503029850E-01  6.8402690000000002E+00  4.5241870901797965E+00  2.3160819098202037E+00  7.6302127572830569E-01
  2.0000000000000000E+00  4.0000000000000000E+00  4.8037036721361694E+00 -3.1805168230806113E-01 -3.7640100503029850E-01  5.5663729999999996E+00  3.3516002301781964E+00  2.2147727698218032E+00  2.4334536903640718E+00
  2.0000000000000000E+00  1.1500000000000000E+01  2.2001824387941240E+00 -3.1805168230806113E-01 -3.7640100503029850E-01  2.1574629999999999E+00  1.5831838468952670E+00  5.7427915310473288E-01  3.3211492580867091E-01
  2.0000000000000000E+00  1.2000000000000000E+01  9.3737352396734259E+00 -3.1805168230806113E-01 -3.7640100503029850E-01  0.0000000000000000E+00  6.5059710595610092E+00  0.0000000000000000E+00  0.0000000000000000E+00
  2.0000000000000000E+00  1.3000000000000000E+01  8.4468934127319226E+00 -3.1805168230806113E-01 -3.7640100503029850E-01  9.5253189999999996E+00  5.8868460553498601E+00  3.6384729446501396E+00  2.2839919210665034E+00
  2.0000000000000000E+00  1.6000000000000000E+01  6.1808756740974342E+00 -3.1805168230806113E-01 -3.7640100503029850E-01  5.2106469999999998E+00  4.3610828201514744E+00  8.4956417984852539E-01 -1.5668148525670835E+00
  2.0000000000000000E+00  2.3500000000000000E+01  2.8309519159976779E+00 -3.1805168230806113E-01 -3.7640100503029850E-01  2.5413299999999999E+00  2.0600296579730157E+00  4.8130034202698413E-01 -3.6512048913817197E-01
  2.0000000000000000E+00  2.4000000000000000E+01  9.9725091035783713E+00 -3.1805168230806113E-01 -3.7640100503029850E-01  0.0000000000000000E+00  6.9595608260080724E+00  0.0000000000000000E+00  0.0000000000000000E+00
  2.0000000000000000E+00  2.5000000000000000E+01  8.9864626321961296E+00 -3.1805168230806113E-01 -3.7640100503029850E-01  8.7576499999999999E+00  6.2972710484693550E+00  2.4603789515306449E+00  2.8483645602140756E-01
  2.0000000000000000E+00  3.0000000000000000E+01  5.3396209621843553E+00 -3.1805168230806113E-01 -3.7640100503029850E-01  4.9860470000000001E+00  3.8194879634173859E+00  1.1665590365826142E+00 -1.2654517090430942E-01
  2.0000000000000000E+00  4.8000000000000000E+01  8.1964990530414661E-01 -3.1805168230806113E-01 -3.7640100503029850E-01  8.9523399999999997E-01  6.3135711392862681E-01  2.6387688607137316E-01  1.7604459677309168E+00
  3.0000000000000000E+00  0.0000000000000000E+00  7.8459899829370077E+00  1.0677813060461590E+00 -4.5056465864291334E-01  0.0000000000000000E+00  4.9999999999999982E+00  0.0000000000000000E+00  0.0000000000000000E+00
  3.0000000000000000E+00  1.0000000000000000E+00  4.6717842684959745E+00  1.0677813060461590E+00 -4.5056465864291334E-01  4.1480269999999999E+00  4.5241870901797965E+00 -3.7616009017979657E-01  4.5175411921959097E-01
  3.0000000000000000E+00  4.0000000000000000E+00  9.8625194271725292E-01  1.0677813060461590E+00 -4.5056465864291334E-01  1.0014600000000000E+00  3.3516002301781964E+00 -2.3501402301781962E+00 -3.6950571622254569E+00
  3.0000000000000000E+00  1.1500000000000000E+01  2.0195313585532077E-02  1.0677813060461590E+00 -4.5056465864291334E-01  2.0410000000000001E-02  1.5831838468952670E+00 -1.5627738468952670E+00 -1.8948571895234625E+00
  3.0000000000000000E+00  1.2000000000000000E+01  7.8615735945708325E+00  1.0677813060461590E+00 -4.5056465864291334E-01  0.0000000000000000E+00  6.5059710595610092E+00  0.0000000000000000E+00  0.0000000000000000E+00
  3.0000000000000000E+00  1.3000000000000000E+01  4.6810633106354098E+00  1.0677813060461590E+00 -4.5056465864291334E-01  5.1828500000000002E+00  5.8868460553498601E+00 -7.0399605534985987E-01  1.5095616323784578E+00
  3.0000000000000000E+00  1.6000000000000000E+01  9.8821082455139198E-01  1.0677813060461590E+00 -4.5056465864291334E-01  9.1528500000000002E-01  4.3610828201514744E+00 -3.4457978201514745E+00 -3.0920655514682100E+00
  3.0000000000000000E+00  2.3500000000000000E+01  2.0235425276271510E-02  1.0677813060461590E+00 -4.5056465864291334E-01  2.0212999999999998E-02  2.0600296579730157E+00 -2.0398166579730157E+00 -5.4077810599898024E-01
  3.0000000000000000E+00  2.4000000000000000E+01  7.8616045465542133E+00  1.0677813060461590E+00 -4.5056465864291334E-01  0.0000000000000000E+00  6.9595608260080724E+00  0.0000000000000000E+00  0.0000000000000000E+00
  3.0000000000000000E+00  2.5000000000000000E+01  4.6810817405581284E+00  1.0677813060461590E+00 -4.5056465864291334E-01  5.2292779999999999E+00  6.2972710484693550E+00 -1.0679930484693552E+00  1.7278848431175970E+00
  3.0000000000000000E+00  3.0000000000000000E+01  3.5036553430538897E-01  1.0677813060461590E+00 -4.5056465864291334E-01  3.3306000000000002E-01  3.8194879634173859E+00 -3.4864279634173858E+00 -2.2424664821034637E+00
  3.0000000000000000E+00  4.8000000000000000E+01  3.1013581943980691E-05  1.0677813060461590E+00 -4.5056465864291334E-01  3.1999999999999999E-05  6.3135711392862681E-01 -6.3132511392862678E-01  3.8705751342155863E+00
  4.0000000000000000E+00  0.0000000000000000E+00  4.6530571633237390E+00  3.6061306777880653E-01  7.1913454385126432E-02  0.0000000000000000E+00  4.9999999999999982E+00  0.0000000000000000E+00  0.0000000000000000E+00
  4.0000000000000000E+00  1.0000000000000000E+00  4.0601300586972213E+00  3.6061306777880653E-01  7.1913454385126432E-02  4.3353000000000002E+00  4.5241870901797965E+00 -1.8888709017979632E-01  7.1632615873435124E-01
  4.0000000000000000E+00  4.0000000000000000E+00  2.6973954381669136E+00  3.6061306777880653E-01  7.1913454385126432E-02  2.4425539999999999E+00  3.3516002301781964E+00 -9.0904623017819652E-01 -8.9771846469958438E-01
  4.0000000000000000E+00  1.1500000000000000E+01  9.7041231965174224E-01  3.6061306777880653E-01  7.1913454385126432E-02  1.0283210000000000E+00  1.5831838468952670E+00 -5.5486284689526699E-01 -9.7281972360011015E-02
  4.0000000000000000E+00  1.2000000000000000E+01  5.5595347706913758E+00  3.6061306777880653E-01  7.1913454385126432E-02  0.0000000000000000E+00  6.5059710595610092E+00  0.0000000000000000E+00  0.0000000000000000E+00
  4.0000000000000000E+00  1.3000000000000000E+01  4.8510975564144223E+00  3.6061306777880653E-01  7.1913454385126432E-02  3.6386669999999999E+00  5.8868460553498601E+00 -2.2481790553498602E+00 -2.1156179809765168E+00
  4.0000000000000000E+00  1.6000000000000000E+01  3.2228840528752993E+00  3.6061306777880653E-01  7.1913454385126432E-02  3.5867580000000001E+00  4.3610828201514744E+00 -7.7432482015147430E-01  4.5668794888315795E-01
  4.0000000000000000E+00  2.3500000000000000E+01  1.1594615848556191E+00  3.6061306777880653E-01  7.1913454385126432E-02  9.4425300000000001E-01  2.0600296579730157E+00 -1.1157766579730157E+00 -1.2642121417052969E+00
  4.0000000000000000E+00  2.4000000000000000E+01  5.7361287010509159E+00  3.6061306777880653E-01  7.1913454385126432E-02  0.0000000000000000E+00  6.9595608260080724E+00  0.0000000000000000E+00  0.0000000000000000E+00
  4.0000000000000000E+00  2.5000000000000000E+01  5.0051885765049855E+00  3.6061306777880653E-01  7.1913454385126432E-02  5.4223390000000000E+00  6.2972710484693550E+00 -8.7493204846935502E-01  4.5366579914734179E-01
  4.0000000000000000E+00  3.0000000000000000E+01  2.5317932237159724E+00  3.6061306777880653E-01  7.1913454385126432E-02  2.7854380000000001E+00  3.8194879634173859E+00 -1.0340499634173859E+00  1.9471160952652500E-01
  4.0000000000000000E+00  4.8000000000000000E+01  2.1769891854136927E-01  3.6061306777880653E-01  7.1913454385126432E-02  2.2372000000000000E-01  6.3135711392862681E-01 -4.0763711392862678E-01  2.6183765179522300E-01
  5.0000000000000000E+00  0.0000000000000000E+00  4.2946233090650701E+00 -8.3005388338685246E-02  1.5207406536916104E-01  0.0000000000000000E+00  4.9999999999999982E+00  0.0000000000000000E+00  0.0000000000000000E+00
  5.0000000000000000E+00  1.0000000000000000E+00  3.9695357131129998E+00 -8.3005388338685246E-02  1.5207406536916104E-01  4.1753439999999999E+00  4.5241870901797965E+00 -3.4884309017979653E-01  1.2315637336744925E-01
  5.0000000000000000E+00  4.0000000000000000E+00  3.1346107850970095E+00 -8.3005388338685246E-02  1.5207406536916104E-01  3.5604740000000001E+00  3.3516002301781964E+00  2.0887376982180372E-01  1.0484104297015922E+00
  5.0000000000000000E+00  1.1500000000000000E+01  1.7369743226613339E+00 -8.3005388338685246E-02  1.5207406536916104E-01  1.5209919999999999E+00  1.5831838468952670E+00 -6.2191846895267133E-02 -1.1379300051376848E+00
  5.0000000000000000E+00  1.2000000000000000E+01  5.9645627294462491E+00 -8.3005388338685246E-02  1.5207406536916104E-01  0.0000000000000000E+00  6.5059710595610092E+00  0.0000000000000000E+00  0.0000000000000000E+00
  5.0000000000000000E+00  1.3000000000000000E+01  5.5130667031176630E+00 -8.3005388338685246E-02  1.5207406536916104E-01  5.1976560000000003E+00  5.8868460553498601E+00 -6.8919005534985978E-01 -6.9455901324168734E-01
  5.0000000000000000E+00  1.6000000000000000E+01  4.3534860486239184E+00 -8.3005388338685246E-02  1.5207406536916104E-01  4.4407540000000001E+00  4.3610828201514744E+00  7.9671179848525675E-02  1.8813134722400748E-01
  5.0000000000000000E+00  2.3500000000000000E+01  2.4123867360106952E+00 -8.3005388338685246E-02  1.5207406536916104E-01  2.5072280000000000E+00  2.0600296579730157E+00  4.4719834202698427E-01  6.9334760065116596E-01
  5.0000000000000000E+00  2.4000000000000000E+01  6.6139090089806274E+00 -8.3005388338685246E-02  1.5207406536916104E-01  0.0000000000000000E+00  6.9595608260080724E+00  0.0000000000000000E+00  0.0000000000000000E+00
  5.0000000000000000E+00  2.5000000000000000E+01  6.1132597960364254E+00 -8.3005388338685246E-02  1.5207406536916104E-01  5.9352830000000001E+00  6.2972710484693550E+00 -3.6198804846935495E-01 -3.0916677818852467E-01
  5.0000000000000000E+00  3.0000000000000000E+01  4.1242599963596467E+00 -8.3005388338685246E-02  1.5207406536916104E-01  3.8278509999999999E+00  3.8194879634173859E+00  8.3630365826139474E-03 -4.4837221350028411E-01
  5.0000000000000000E+00  4.8000000000000000E+01  1.0000218643379537E+00 -8.3005388338685246E-02  1.5207406536916104E-01  1.0624910000000001E+00  6.3135711392862681E-01  4.3113388607137326E-01  1.4311070667806176E+00
  6.0000000000000000E+00  0.0000000000000000E+00  5.1464765180012151E+00 -3.5070904365533312E-01 -2.8874396827680785E-02  0.0000000000000000E+00  4.9999999999999982E+00  0.0000000000000000E+00  0.0000000000000000E+00
  6.0000000000000000E+00  1.0000000000000000E+00  4.7936383121629706E+00 -3.5070904365533312E-01 -2.8874396827680785E-02  4.6533579999999999E+00  4.5241870901797965E+00  1.2917090982020341E-01 -1.9464968171552410E-02
  6.0000000000000000E+00  4.0000000000000000E+00  3.8737453166324789E+00 -3.5070904365533312E-01 -2.8874396827680785E-02  3.8874270000000002E+00  3.3516002301781964E+00  5.3582676982180377E-01  4.2342713478635413E-02
  6.0000000000000000E+00  1.1500000000000000E+01  2.2740267435806527E+00 -3.5070904365533312E-01 -2.8874396827680785E-02  2.0376249999999998E+00  1.5831838468952670E+00  4.5444115310473276E-01 -1.7669112668414695E+00
  6.0000000000000000E+00  1.2000000000000000E+01  7.3411666021585704E+00 -3.5070904365533312E-01 -2.8874396827680785E-02  0.0000000000000000E+00  6.5059710595610092E+00  0.0000000000000000E+00  0.0000000000000000E+00
  6.0000000000000000E+00  1.3000000000000000E+01  6.8378622455555274E+00 -3.5070904365533312E-01 -2.8874396827680785E-02  7.5184959999999998E+00  5.8868460553498601E+00  1.6316499446501398E+00  1.3299673006194475E+00
  6.0000000000000000E+00  1.6000000000000000E+01  5.5256853197059161E+00 -3.5070904365533312E-01 -2.8874396827680785E-02  5.4271390000000004E+00  4.3610828201514744E+00  1.0660561798485260E+00 -1.9719932764083917E-01
  6.0000000000000000E+00  2.3500000000000000E+01  3.2437744783246978E+00 -3.5070904365533312E-01 -2.8874396827680785E-02  3.3591340000000001E+00  2.0600296579730157E+00  1.2991043420269843E+00  2.5270827889149339E-01
  6.0000000000000000E+00  2.4000000000000000E+01  8.2770816012168602E+00 -3.5070904365533312E-01 -2.8874396827680785E-02  0.0000000000000000E+00  6.9595608260080724E+00  0.0000000000000000E+00  0.0000000000000000E+00
  6.0000000000000000E+00  2.5000000000000000E+01  7.7096116804788650E+00 -3.5070904365533312E-01 -2.8874396827680785E-02  6.9041280000000000E+00  6.2972710484693550E+00  6.0685695153064501E-01 -9.1673382670104420E-01
  6.0000000000000000E+00  3.0000000000000000E+01  5.4051635542042176E+00 -3.5070904365533312E-01 -2.8874396827680785E-02  6.3687969999999998E+00  3.8194879634173859E+00  2.5493090365826139E+00  2.3574462720410905E+00
  6.0000000000000000E+00  4.8000000000000000E+01  1.5052327144430275E+00 -3.5070904365533312E-01 -2.8874396827680785E-02  1.4776250000000000E+00  6.3135711392862681E-01  8.4626788607137315E-01  5.8270021849907572E-01
  7.0000000000000000E+00  0.0000000000000000E+00  4.0676014937109661E+00 -1.8069271204506018E-01  2.0638440027762728E-01  0.0000000000000000E+00  4.9999999999999982E+00  0.0000000000000000E+00  0.0000000000000000E+00
  7.0000000000000000E+00  1.0000000000000000E+00  3.8030159507819947E+00 -1.8069271204506018E-01  2.0638440027762728E-01  3.7203960000000000E+00  4.5241870901797965E+00 -8.0379109017979644E-01 -3.8821619816169239E-01
  7.0000000000000000E+00  4.0000000000000000E+00  3.1081172478635923E+00 -1.8069271204506018E-01  2.0638440027762728E-01  3.3848980000000002E+00  3.3516002301781964E+00  3.3297769821803769E-02  6.6442651603258818E-01
  7.0000000000000000E+00  1.1500000000000000E+01  1.8768108671597692E+00 -1.8069271204506018E-01  2.0638440027762728E-01  2.0472790000000001E+00  1.5831838468952670E+00  4.6409515310473304E-01  8.9701826591179101E-01
  7.0000000000000000E+00  1.2000000000000000E+01  5.8823455549500254E+00 -1.8069271204506018E-01  2.0638440027762728E-01  0.0000000000000000E+00  6.5059710595610092E+00  0.0000000000000000E+00  0.0000000000000000E+00
  7.0000000000000000E+00  1.3000000000000000E+01  5.4997162352493012E+00 -1.8069271204506018E-01  2.0638440027762728E-01  6.2066520000000001E+00  5.8868460553498601E+00  3.1980594465014001E-01  1.0834532296300243E+00
  7.0000000000000000E+00  1.6000000000000000E+01  4.4947912683928850E+00 -1.8069271204506018E-01  2.0638440027762728E-01  4.4141750000000002E+00  4.3610828201514744E+00  5.3092179848525767E-02 -8.0415346262418558E-02
  7.0000000000000000E+00  2.3500000000000000E+01  2.7141424937984961E+00 -1.8069271204506018E-01  2.0638440027762728E-01  2.5545499999999999E+00  2.0600296579730157E+00  4.9452034202698414E-01 -2.2081895143895791E-01
  7.0000000000000000E+00  2.4000000000000000E+01  6.6919863255354164E+00 -1.8069271204506018E-01  2.0638440027762728E-01  0.0000000000000000E+00  6.9595608260080724E+00  0.0000000000000000E+00  0.0000000000000000E+00
  7.0000000000000000E+00  2.5000000000000000E+01  6.2566922491730628E+00 -1.8069271204506018E-01  2.0638440027762728E-01  5.1916019999999996E+00  6.2972710484693550E+00 -1.1056690484693554E+00 -1.4702448152899998E+00
  7.0000000000000000E+00  3.0000000000000000E+01  4.4698560564948977E+00 -1.8069271204506018E-01  2.0638440027762728E-01  3.9979840000000002E+00  3.8194879634173859E+00  1.7849603658261426E-01 -6.3092329886827248E-01
  7.0000000000000000E+00  4.8000000000000000E+01  1.3320146955719430E+00 -1.8069271204506018E-01  2.0638440027762728E-01  1.4155850000000001E+00  6.3135711392862681E-01  7.8422788607137328E-01  2.3871304200675514E+00
  8.0000000000000000E+00  0.0000000000000000E+00  3.4671944279666715E+00  1.4100844597000267E-01  3.6609216770549846E-01  0.0000000000000000E+00  4.9999999999999982E+00  0.0000000000000000E+00  0.0000000000000000E+00
  8.0000000000000000E+00  1.0000000000000000E+00  3.1992371112805671E+00  1.4100844597000267E-01  3.6609216770549846E-01  3.2573780000000001E+00  4.5241870901797965E+00 -1.2668090901797964E+00 -4.4409303312384008E-01
  8.0000000000000000E+00  4.0000000000000000E+00  2.5133393329086533E+00  1.4100844597000267E-01  3.6609216770549846E-01  2.7370730000000001E+00  3.3516002301781964E+00 -6.1452723017819633E-01  2.6686676966152539E-01
  8.0000000000000000E+00  1.1500000000000000E+01  1.3748739235094110E+00  1.4100844597000267E-01  3.6609216770549846E-01  1.2316510000000001E+00  1.5831838468952670E+00 -3.5153284689526698E-01 -8.7426455448454254E-01
  8.0000000000000000E+00  1.2000000000000000E+01  4.7878725742851307E+00  1.4100844597000267E-01  3.6609216770549846E-01  0.0000000000000000E+00  6.5059710595610092E+00  0.0000000000000000E+00  0.0000000000000000E+00
  8.0000000000000000E+00  1.3000000000000000E+01  4.4178484771961140E+00  1.4100844597000267E-01  3.6609216770549846E-01  4.3147310000000001E+00  5.8868460553498601E+00 -1.5721150553498600E+00 -6.7844951871717640E-01
  8.0000000000000000E+00  1.6000000000000000E+01  3.4706875290413048E+00  1.4100844597000267E-01  3.6609216770549846E-01  3.3375680000000001E+00  4.3610828201514744E+00 -1.0235148201514743E+00 -5.6799131097914313E-01
  8.0000000000000000E+00  2.3500000000000000E+01  1.8985728340971415E+00  1.4100844597000267E-01  3.6609216770549846E-01  1.9906040000000000E+00  2.0600296579730157E+00 -6.9425657973015698E-02  4.5820900355492061E-01
  8.0000000000000000E+00  2.4000000000000000E+01  5.2909279414991452E+00  1.4100844597000267E-01  3.6609216770549846E-01  0.0000000000000000E+00  6.9595608260080724E+00  0.0000000000000000E+00  0.0000000000000000E+00
  8.0000000000000000E+00  2.5000000000000000E+01  4.8820259074660903E+00  1.4100844597000267E-01  3.6609216770549846E-01  4.8859320000000004E+00  6.2972710484693550E+00 -1.4113390484693547E+00 -4.0525354872257180E-01
  8.0000000000000000E+00  3.0000000000000000E+01  3.2654365126918918E+00  1.4100844597000267E-01  3.6609216770549846E-01  3.2405529999999998E+00  3.8194879634173859E+00 -5.7893496341738615E-01 -1.0437637567272941E-01
  8.0000000000000000E+00  4.8000000000000000E+01  7.6766092984137879E-01  1.4100844597000267E-01  3.6609216770549846E-01  7.9736799999999997E-01  6.3135711392862681E-01  1.6601088607137315E-01  8.0338094768211465E-01
  9.0000000000000000E+00  0.0000000000000000E+00  3.4567173428291769E+00 -6.0709208498093714E-01  3.6911851855478128E-01  0.0000000000000000E+00  4.9999999999999982E+00  0.0000000000000000E+00  0.0000000000000000E+00
  9.0000000000000000E+00  1.0000000000000000E+00  3.3343023743454756E+00 -6.0709208498093714E-01  3.6911851855478128E-01  3.3676290000000000E+00  4.5241870901797965E+00 -1.1565580901797965E+00  3.7498800565249391E-01
  9.0000000000000000E+00  4.0000000000000000E+00  2.9924597733971039E+00 -6.0709208498093714E-01  3.6911851855478128E-01  2.9456050000000000E+00  3.3516002301781964E+00 -4.0599523017819639E-01 -7.0239310124775634E-01
  9.0000000000000000E+00  1.1500000000000000E+01  2.2834245681185705E+00 -6.0709208498093714E-01  3.6911851855478128E-01  2.2810440000000001E+00  1.5831838468952670E+00  6.9786015310473304E-01 -2.3141490045257589E+00
  9.0000000000000000E+00  1.2000000000000000E+01  5.6993452697738700E+00 -6.0709208498093714E-01  3.6911851855478128E-01  0.0000000000000000E+00  6.5059710595610092E+00  0.0000000000000000E+00  0.0000000000000000E+00
  9.0000000000000000E+00  1.3000000000000000E+01  5.4975106670620164E+00 -6.0709208498093714E-01  3.6911851855478128E-01  5.2102399999999998E+00  5.8868460553498601E+00 -6.7660605534986029E-01 -6.5282281620496763E-01
  9.0000000000000000E+00  1.6000000000000000E+01  4.9338895151145117E+00 -6.0709208498093714E-01  3.6911851855478128E-01  5.0179239999999998E+00  4.3610828201514744E+00  6.5684117984852541E-01 -4.6908213663251486E-01
  9.0000000000000000E+00  2.3500000000000000E+01  3.7648507877536166E+00 -6.0709208498093714E-01  3.6911851855478128E-01  3.7650730000000001E+00  2.0600296579730157E+00  1.7050433420269844E+00 -9.6828505980139523E-01
  9.0000000000000000E+00  2.4000000000000000E+01  7.1543036941719480E+00 -6.0709208498093714E-01  3.6911851855478128E-01  0.0000000000000000E+00  6.9595608260080724E+00  0.0000000000000000E+00  0.0000000000000000E+00
  9.0000000000000000E+00  2.5000000000000000E+01  6.9009437071132194E+00 -6.0709208498093714E-01  3.6911851855478128E-01  7.4595940000000001E+00  6.2972710484693550E+00  1.1623229515306450E+00  1.1614457668763492E+00
  9.0000000000000000E+00  3.0000000000000000E+01  5.7625412918221341E+00 -6.0709208498093714E-01  3.6911851855478128E-01  5.7221810000000000E+00  3.8194879634173859E+00  1.9026930365826140E+00 -5.4535321818705018E-03
  9.0000000000000000E+00  4.8000000000000000E+01  3.0113004328026034E+00 -6.0709208498093714E-01  3.6911851855478128E-01  3.1223730000000001E+00  6.3135711392862681E-01  2.4910158860713731E+00  7.7481501825282928E+00
  1.0000000000000000E+01  0.0000000000000000E+00  3.4731987834611093E+00 -9.1445394020591556E-02  3.6436190349437436E-01  0.0000000000000000E+00  4.9999999999999982E+00  0.0000000000000000E+00  0.0000000000000000E+00
  1.0000000000000000E+01  1.0000000000000000E+00  3.2608234753310223E+00 -9.1445394020591556E-02  3.6436190349437436E-01  3.2445900000000001E+00  4.5241870901797965E+00 -1.2795970901797964E+00 -5.2203717688754203E-01
  1.0000000000000000E+01  4.0000000000000000E+00  2.6984864082458082E+00 -9.1445394020591556E-02  3.6436190349437436E-01  2.5065480000000000E+00  3.3516002301781964E+00 -8.4505223017819642E-01 -9.3393379066789428E-01
  1.0000000000000000E+01  1.1500000000000000E+01  1.6811350391015880E+00 -9.1445394020591556E-02  3.6436190349437436E-01  1.6401859999999999E+00  1.5831838468952670E+00  5.7002153104732889E-02 -4.7787562779023085E-01
  1.0000000000000000E+01  1.2000000000000000E+01  5.1021250424969553E+00 -9.1445394020591556E-02  3.6436190349437436E-01  0.0000000000000000E+00  6.5059710595610092E+00  0.0000000000000000E+00  0.0000000000000000E+00
  1.0000000000000000E+01  1.3000000000000000E+01  4.7901459576319283E+00 -9.1445394020591556E-02  3.6436190349437436E-01  5.5700200000000004E+00  5.8868460553498601E+00 -3.1682605534985964E-01  8.7448979342151478E-01
  1.0000000000000000E+01  1.6000000000000000E+01  3.9640734489226417E+00 -9.1445394020591556E-02  3.6436190349437436E-01  3.9924439999999999E+00  4.3610828201514744E+00 -3.6863882015147453E-01 -1.2493159197119866E-01
  1.0000000000000000E+01  2.3500000000000000E+01  2.4695854506409236E+00 -9.1445394020591556E-02  3.6436190349437436E-01  2.7346610000000000E+00  2.0600296579730157E+00  6.7463134202698427E-01  1.2996921615490769E+00
  1.0000000000000000E+01  2.4000000000000000E+01  5.8660895958682291E+00 -9.1445394020591556E-02  3.6436190349437436E-01  0.0000000000000000E+00  6.9595608260080724E+00  0.0000000000000000E+00  0.0000000000000000E+00
  1.0000000000000000E+01  2.5000000000000000E+01  5.5073964535771518E+00 -9.1445394020591556E-02  3.6436190349437436E-01  5.2738940000000003E+00  6.2972710484693550E+00 -1.0233770484693547E+00 -5.2187310809706722E-01
  1.0000000000000000E+01  3.0000000000000000E+01  4.0173029528135142E+00 -9.1445394020591556E-02  3.6436190349437436E-01  3.2476029999999998E+00  3.8194879634173859E+00 -5.7188496341738615E-01 -1.5631180018575144E+00
  1.0000000000000000E+01  4.8000000000000000E+01  1.2903046435129351E+00 -9.1445394020591556E-02  3.6436190349437436E-01  1.3313269999999999E+00  6.3135711392862681E-01  6.9996988607137312E-01  2.1418206348266153E+00
  1.1000000000000000E+01  0.0000000000000000E+00  6.0423541832341430E+00  7.2181801656408628E-01 -1.8935578900992392E-01  0.0000000000000000E+00  4.9999999999999982E+00  0.0000000000000000E+00  0.0000000000000000E+00
  1.1000000000000000E+01  1.0000000000000000E+00  4.6414712974007948E+00  7.2181801656408628E-01 -1.8935578900992392E-01  4.8760019999999997E+00  4.5241870901797965E+00  3.5181490982020325E-01  1.1608915479979240E+00
  1.1000000000000000E+01  4.0000000000000000E+00  2.1037984980477211E+00  7.2181801656408628E-01 -1.8935578900992392E-01  2.4708060000000001E+00  3.3516002301781964E+00 -8.8079423017819636E-01 -4.9300923506903110E-01
  1.1000000000000000E+01  1.1500000000000000E+01  2.9098816086975809E-01  7.2181801656408628E-01 -1.8935578900992392E-01  2.9842400000000002E-01  1.5831838468952670E+00 -1.2847598468952670E+00 -1.5526055672240506E+00
  1.1000000000000000E+01  1.2000000000000000E+01  6.2973893473875027E+00  7.2181801656408628E-01 -1.8935578900992392E-01  0.0000000000000000E+00  6.5059710595610092E+00  0.0000000000000000E+00  0.0000000000000000E+00
  1.1000000000000000E+01  1.3000000000000000E+01  4.8373781175488526E+00  7.2181801656408628E-01 -1.8935578900992392E-01  4.5100220000000002E+00  5.8868460553498601E+00 -1.3768240553498599E+00 -4.7592598910585882E-01
  1.1000000000000000E+01  1.6000000000000000E+01  2.1925954435799682E+00  7.2181801656408628E-01 -1.8935578900992392E-01  2.0186470000000001E+00  4.3610828201514744E+00 -2.3424358201514743E+00 -1.7420465757322132E+00
  1.1000000000000000E+01  2.3500000000000000E+01  3.0327016406315260E-01  7.2181801656408628E-01 -1.8935578900992392E-01  2.9054300000000000E-01  2.0600296579730157E+00 -1.7694866579730157E+00 -6.3451933719824638E-01
  1.1000000000000000E+01  2.4000000000000000E+01  6.3081538495967910E+00  7.2181801656408628E-01 -1.8935578900992392E-01  0.0000000000000000E+00  6.9595608260080724E+00  0.0000000000000000E+00  0.0000000000000000E+00
  1.1000000000000000E+01  2.5000000000000000E+01  4.8456469357147673E+00  7.2181801656408628E-01 -1.8935578900992392E-01  5.1435399999999998E+00  6.2972710484693550E+00 -1.1537310484693553E+00  6.8110484400384053E-01
  1.1000000000000000E+01  3.0000000000000000E+01  1.2959827469932230E+00  7.2181801656408628E-01 -1.8935578900992392E-01  1.0769540000000000E+00  3.8194879634173859E+00 -2.7425339634173858E+00 -1.6151801429122323E+00
  1.1000000000000000E+01  4.8000000000000000E+01  1.1238026436605611E-02  7.2181801656408628E-01 -1.8935578900992392E-01  1.1720000000000000E-02  6.3135711392862681E-01 -6.1963711392862686E-01  3.0992354560645912E+00
  1.2000000000000000E+01  0.0000000000000000E+00  4.9951779629201569E+00  3.2036655236842870E-01  9.6487275600925235E-04  0.0000000000000000E+00  4.9999999999999982E+00  0.0000000000000000E+00  0.0000000000000000E+00
  1.2000000000000000E+01  1.0000000000000000E+00  4.3419109208607747E+00  3.2036655236842870E-01  9.6487275600925235E-04  4.6048770000000001E+00  4.5241870901797965E+00  8.0689909820203631E-02  6.7749803223428740E-01
  1.2000000000000000E+01  4.0000000000000000E+00  2.8514826959006072E+00  3.2036655236842870E-01  9.6487275600925235E-04  2.6097959999999998E+00  3.3516002301781964E+00 -7.4180423017819663E-01 -9.1815788127104569E-01
  1.2000000000000000E+01  1.1500000000000000E+01  9.9665607564506364E-01  3.2036655236842870E-01  9.6487275600925235E-04  1.0094160000000001E+00  1.5831838468952670E+00 -5.7376784689526694E-01 -4.1637132523153897E-01
  1.2000000000000000E+01  1.2000000000000000E+01  5.9243802935964895E+00  3.2036655236842870E-01  9.6487275600925235E-04  0.0000000000000000E+00  6.5059710595610092E+00  0.0000000000000000E+00  0.0000000000000000E+00
  1.2000000000000000E+01  1.3000000000000000E+01  5.1495926045168048E+00  3.2036655236842870E-01  9.6487275600925235E-04  5.3344810000000003E+00  5.8868460553498601E+00 -5.5236505534985980E-01  1.8385654469362289E-01
  1.2000000000000000E+01  1.6000000000000000E+01  3.3819151222490635E+00  3.2036655236842870E-01  9.6487275600925235E-04  2.9560080000000002E+00  4.3610828201514744E+00 -1.4050748201514742E+00 -1.2840887130265402E+00
  1.2000000000000000E+01  2.3500000000000000E+01  1.1820539043604052E+00  3.2036655236842870E-01  9.6487275600925235E-04  1.2779780000000001E+00  2.0600296579730157E+00 -7.8205165797301568E-01 -1.9389872043254042E-02
  1.2000000000000000E+01  2.4000000000000000E+01  6.0972303857741021E+00  3.2036655236842870E-01  9.6487275600925235E-04  0.0000000000000000E+00  6.9595608260080724E+00  0.0000000000000000E+00  0.0000000000000000E+00
  1.2000000000000000E+01  2.5000000000000000E+01  5.2998374423321586E+00  3.2036655236842870E-01  9.6487275600925235E-04  5.1638820000000001E+00  6.2972710484693550E+00 -1.1333890484693550E+00 -3.6155699083262527E-01
  1.2000000000000000E+01  3.0000000000000000E+01  2.6297367028734633E+00  3.2036655236842870E-01  9.6487275600925235E-04  2.9010980000000002E+00  3.8194879634173859E+00 -9.1838996341738577E-01  2.4352621925680851E-01
  1.2000000000000000E+01  4.8000000000000000E+01  2.1098484218830230E-01  3.2036655236842870E-01  9.6487275600925235E-04  2.0481099999999999E-01  6.3135711392862681E-01 -4.2654611392862685E-01  2.8055828663219007E-01
  1.3000000000000000E+01  0.0000000000000000E+00  3.5211239609475835E+00  3.5572679105851979E-01  3.5065766670437143E-01  0.0000000000000000E+00  4.9999999999999982E+00  0.0000000000000000E+00  0.0000000000000000E+00
  1.3000000000000000E+01  1.0000000000000000E+00  3.1777384579902161E+00  3.5572679105851979E-01  3.5065766670437143E-01  2.5703580000000001E+00  4.5241870901797965E+00 -1.9538290901797963E+00 -1.7844976768403695E+00
  1.3000000000000000E+01  4.0000000000000000E+00  2.3357623615998535E+00  3.5572679105851979E-01  3.5065766670437143E-01  2.7536220000000000E+00  3.3516002301781964E+00 -5.9797823017819640E-01  8.9888597840341566E-01
  1.3000000000000000E+01  1.1500000000000000E+01  1.0819443439213374E+00  3.5572679105851979E-01  3.5065766670437143E-01  1.0896889999999999E+00  1.5831838468952670E+00 -4.9349484689526713E-01  5.7661347939529733E-02
  1.3000000000000000E+01  1.2000000000000000E+01  4.5489588101629703E+00  3.5572679105851979E-01  3.5065766670437143E-01  0.0000000000000000E+00  6.5059710595610092E+00  0.0000000000000000E+00  0.0000000000000000E+00
  1.3000000000000000E+01  1.3000000000000000E+01  4.1053372488988247E+00  3.5572679105851979E-01  3.5065766670437143E-01  3.8375830000000000E+00  5.8868460553498601E+00 -2.0492630553498601E+00 -9.3674555335351117E-01
  1.3000000000000000E+01  1.6000000000000000E+01  3.0175838428554802E+00  3.5572679105851979E-01  3.5065766670437143E-01  3.4288639999999999E+00  4.3610828201514744E+00 -9.3221882015147450E-01  6.0553100836849594E-01
  1.3000000000000000E+01  2.3500000000000000E+01  1.3977696638838182E+00  3.5572679105851979E-01  3.5065766670437143E-01  1.1845619999999999E+00  2.0600296579730157E+00 -8.7546765797301584E-01 -8.0432868997782958E-01
  1.3000000000000000E+01  2.4000000000000000E+01  4.8489892802567622E+00  3.5572679105851979E-01  3.5065766670437143E-01  0.0000000000000000E+00  6.9595608260080724E+00  0.0000000000000000E+00  0.0000000000000000E+00
  1.3000000000000000E+01  2.5000000000000000E+01  4.3761082793880064E+00  3.5572679105851979E-01  3.5065766670437143E-01  4.7554069999999999E+00  6.2972710484693550E+00 -1.5418640484693551E+00  1.0694727559443937E-01
  1.3000000000000000E+01  3.0000000000000000E+01  2.6198247215154171E+00  3.5572679105851979E-01  3.5065766670437143E-01  2.1120079999999999E+00  3.8194879634173859E+00 -1.7074799634173861E+00 -1.3477004898960745E+00
  1.3000000000000000E+01  4.8000000000000000E+01  4.1317617595140671E-01  3.5572679105851979E-01  3.5065766670437143E-01  4.4114999999999999E-01  6.3135711392862681E-01 -1.9020711392862683E-01  4.9682045704879774E-01
  1.4000000000000000E+01  0.0000000000000000E+00  3.5006423341222446E+00  8.9399889999985649E-01  3.5649143674228062E-01  0.0000000000000000E+00  4.9999999999999982E+00  0.0000000000000000E+00  0.0000000000000000E+00
  1.4000000000000000E+01  1.0000000000000000E+00  2.9039693049046269E+00  8.9399889999985649E-01  3.5649143674228062E-01  3.3018269999999998E+00  4.5241870901797965E+00 -1.2223600901797966E+00  3.8847598994702437E-01
  1.4000000000000000E+01  4.0000000000000000E+00  1.6577722463896463E+00  8.9399889999985649E-01  3.5649143674228062E-01  1.7382080000000000E+00  3.3516002301781964E+00 -1.6133922301781964E+00 -6.0225615153709000E-01
  1.4000000000000000E+01  1.1500000000000000E+01  4.0818493524892602E-01  8.9399889999985649E-01  3.5649143674228062E-01  4.3049999999999999E-01  1.5831838468952670E+00 -1.1526838468952669E+00 -5.1132650866185203E-01
  1.4000000000000000E+01  1.2000000000000000E+01  3.8724164186053316E+00  8.9399889999985649E-01  3.5649143674228062E-01  0.0000000000000000E+00  6.5059710595610092E+00  0.0000000000000000E+00  0.0000000000000000E+00
  1.4000000000000000E+01  1.3000000000000000E+01  3.2123757134012583E+00  8.9399889999985649E-01  3.5649143674228062E-01  2.9705480000000000E+00  5.8868460553498601E+00 -2.9162980553498601E+00 -1.0823491050747656E+00
  1.4000000000000000E+01  1.6000000000000000E+01  1.8338304381036299E+00  8.9399889999985649E-01  3.5649143674228062E-01  1.3657090000000001E+00  4.3610828201514744E+00 -2.9953738201514746E+00 -1.8360316239833998E+00
  1.4000000000000000E+01  2.3500000000000000E+01  4.5153485966787077E-01  8.9399889999985649E-01  3.5649143674228062E-01  4.2785400000000001E-01  2.0600296579730157E+00 -1.6321756579730158E+00 -3.4810189988167595E-01
  1.4000000000000000E+01  2.4000000000000000E+01  3.9118994496325197E+00  8.9399889999985649E-01  3.5649143674228062E-01  0.0000000000000000E+00  6.9595608260080724E+00  0.0000000000000000E+00  0.0000000000000000E+00
  1.4000000000000000E+01  2.5000000000000000E+01  3.2451289910068959E+00  8.9399889999985649E-01  3.5649143674228062E-01  3.2067839999999999E+00  6.2972710484693550E+00 -3.0904870484693552E+00 -6.6183190689869797E-01
  1.4000000000000000E+01  3.0000000000000000E+01  1.2748332126602491E+00  8.9399889999985649E-01  3.5649143674228062E-01  1.3155049999999999E+00  3.8194879634173859E+00 -2.5039829634173860E+00 -4.6894705195509678E-01
  1.4000000000000000E+01  4.8000000000000000E+01  4.4121516168491942E-02  8.9399889999985649E-01  3.5649143674228062E-01  4.5855000000000000E-02  6.3135711392862681E-01 -5.8550211392862683E-01  1.3687797712246397E+00
  1.5000000000000000E+01  0.0000000000000000E+00  5.1569654864537355E+00  1.3414281576158937E-01 -3.0910410049544878E-02  0.0000000000000000E+00  4.9999999999999982E+00  0.0000000000000000E+00  0.0000000000000000E+00
  1.5000000000000000E+01  1.0000000000000000E+00  4.5794445070140224E+00  1.3414281576158937E-01 -3.0910410049544878E-02  4.9386150000000004E+00  4.5241870901797965E+00  4.1442790982020394E-01  6.8153450178686270E-01
  1.5000000000000000E+01  4.0000000000000000E+00  3.2067752876312761E+00  1.3414281576158937E-01 -3.0910410049544878E-02  3.0261380000000000E+00  3.3516002301781964E+00 -3.2546223017819642E-01 -6.3084258171040752E-01
  1.5000000000000000E+01  1.1500000000000000E+01  1.3158544296022368E+00  1.3414281576158937E-01 -3.0910410049544878E-02  1.5144290000000000E+00  1.5831838468952670E+00 -6.8754846895267008E-02  1.0752474501048037E+00
  1.5000000000000000E+01  1.2000000000000000E+01  6.3969524940104456E+00  1.3414281576158937E-01 -3.0910410049544878E-02  0.0000000000000000E+00  6.5059710595610092E+00  0.0000000000000000E+00  0.0000000000000000E+00
  1.5000000000000000E+01  1.3000000000000000E+01  5.6805671934931983E+00  1.3414281576158937E-01 -3.0910410049544878E-02  6.0537630000000000E+00  5.8868460553498601E+00  1.6691694465013995E-01  5.3511955061593730E-01
  1.5000000000000000E+01  1.6000000000000000E+01  3.9778410826732968E+00  1.3414281576158937E-01 -3.0910410049544878E-02  3.8796210000000002E+00  4.3610828201514744E+00 -4.8146182015147421E-01 -2.9276107012190433E-01
  1.5000000000000000E+01  2.3500000000000000E+01  1.6322502637083018E+00  1.3414281576158937E-01 -3.0910410049544878E-02  1.4861800000000001E+00  2.0600296579730157E+00 -5.7384965797301568E-01 -5.2464970166674363E-01
  1.5000000000000000E+01  2.4000000000000000E+01  6.6951060850996846E+00  1.3414281576158937E-01 -3.0910410049544878E-02  0.0000000000000000E+00  6.9595608260080724E+00  0.0000000000000000E+00  0.0000000000000000E+00
  1.5000000000000000E+01  2.5000000000000000E+01  5.9453310024709163E+00  1.3414281576158937E-01 -3.0910410049544878E-02  5.5358229999999997E+00  6.2972710484693550E+00 -7.6144804846935532E-01 -6.8203382556861480E-01
  1.5000000000000000E+01  3.0000000000000000E+01  3.2829851463326474E+00  1.3414281576158937E-01 -3.0910410049544878E-02  3.1465169999999998E+00  3.8194879634173859E+00 -6.7297096341738616E-01 -3.3531030190070654E-01
  1.5000000000000000E+01  4.8000000000000000E+01  3.8708227294508857E-01  1.3414281576158937E-01 -3.0910410049544878E-02  3.9510099999999998E-01  6.3135711392862681E-01 -2.3625611392862683E-01  4.6799323330010267E-01
  1.6000000000000000E+01  0.0000000000000000E+00  2.7330805673387011E+00  1.2201178736423957E-01  6.0400852647200221E-01  0.0000000000000000E+00  4.9999999999999982E+00  0.0000000000000000E+00  0.0000000000000000E+00
  1.6000000000000000E+01  1.0000000000000000E+00  2.5683997449331675E+00  1.2201178736423957E-01  6.0400852647200221E-01  2.2913910000000000E+00  4.5241870901797965E+00 -2.2327960901797965E+00 -1.3150778931986447E+00
  1.6000000000000000E+01  4.0000000000000000E+00  2.1315384428083655E+00  1.2201178736423957E-01  6.0400852647200221E-01  2.3013970000000001E+00  3.3516002301781964E+00 -1.0502032301781963E+00 -8.0427106838539472E-02
  1.6000000000000000E+01  1.1500000000000000E+01  1.3374253432796495E+00  1.2201178736423957E-01  6.0400852647200221E-01  1.1731730000000000E+00  1.5831838468952670E+00 -4.1001084689526701E-01 -1.2539983969467658E+00
  1.6000000000000000E+01  1.2000000000000000E+01  4.0295868942195519E+00  1.2201178736423957E-01  6.0400852647200221E-01  0.0000000000000000E+00  6.5059710595610092E+00  0.0000000000000000E+00  0.0000000000000000E+00
  1.6000000000000000E+01  1.3000000000000000E+01  3.7867855324064954E+00  1.2201178736423957E-01  6.0400852647200221E-01  4.3690140000000000E+00  5.8868460553498601E+00 -1.5178320553498601E+00  2.4303786470029684E-01
  1.6000000000000000E+01  1.6000000000000000E+01  3.1426879530409786E+00  1.2201178736423957E-01  6.0400852647200221E-01  2.7966020000000000E+00  4.3610828201514744E+00 -1.5644808201514744E+00 -1.2005415926467384E+00
  1.6000000000000000E+01  2.3500000000000000E+01  1.9718670937404847E+00  1.2201178736423957E-01  6.0400852647200221E-01  2.0863550000000002E+00  2.0600296579730157E+00  2.6325342026984444E-02  5.0465504160704044E-01
  1.6000000000000000E+01  2.4000000000000000E+01  4.6446176678197801E+00  1.2201178736423957E-01  6.0400852647200221E-01  0.0000000000000000E+00  6.9595608260080724E+00  0.0000000000000000E+00  0.0000000000000000E+00
  1.6000000000000000E+01  2.5000000000000000E+01  4.3647578398891955E+00  1.2201178736423957E-01  6.0400852647200221E-01  4.3822530000000004E+00  6.2972710484693550E+00 -1.9150180484693546E+00 -4.9523741514171404E-01
  1.6000000000000000E+01  3.0000000000000000E+01  3.1989766711433463E+00  1.2201178736423957E-01  6.0400852647200221E-01  3.0342500000000001E+00  3.8194879634173859E+00 -7.8523796341738583E-01 -4.2812263764773595E-01
  1.6000000000000000E+01  4.8000000000000000E+01  1.0451879214442796E+00  1.2201178736423957E-01  6.0400852647200221E-01  1.0909590000000000E+00  6.3135711392862681E-01  4.5960188607137320E-01  1.8843234636224726E+00
  1.7000000000000000E+01  0.0000000000000000E+00  6.0106838155673952E+00 -1.0578944086748757E-01 -1.8410060926912358E-01  0.0000000000000000E+00  4.9999999999999982E+00  0.0000000000000000E+00  0.0000000000000000E+00
  1.7000000000000000E+01  1.0000000000000000E+00  5.3977438863242426E+00 -1.0578944086748757E-01 -1.8410060926912358E-01  5.3877870000000003E+00  4.5241870901797965E+00  8.6359990982020385E-01  7.8469646223036360E-01
  1.7000000000000000E+01  4.0000000000000000E+00  3.9091060050584594E+00 -1.0578944086748757E-01 -1.8410060926912358E-01  3.7430490000000001E+00  3.3516002301781964E+00  3.9144876982180365E-01 -8.0824453119599016E-02
  1.7000000000000000E+01  1.1500000000000000E+01  1.7447788213290283E+00 -1.0578944086748757E-01 -1.8410060926912358E-01  1.7633179999999999E+00  1.5831838468952670E+00  1.8013415310473291E-01 -2.5371770864238491E-01
  1.7000000000000000E+01  1.2000000000000000E+01  7.6641091073208827E+00 -1.0578944086748757E-01 -1.8410060926912358E-01  0.0000000000000000E+00  6.5059710595610092E+00  0.0000000000000000E+00  0.0000000000000000E+00
  1.7000000000000000E+01  1.3000000000000000E+01  6.8825610109484874E+00 -1.0578944086748757E-01 -1.8410060926912358E-01  5.5724380000000000E+00  5.8868460553498601E+00 -3.1440805534986005E-01 -1.6293039073287041E+00
  1.7000000000000000E+01  1.6000000000000000E+01  4.9844270392757561E+00 -1.0578944086748757E-01 -1.8410060926912358E-01  4.3959669999999997E+00  4.3610828201514744E+00  3.4884179848525321E-02 -1.1702837019563253E+00
  1.7000000000000000E+01  2.3500000000000000E+01  2.2247344337386510E+00 -1.0578944086748757E-01 -1.8410060926912358E-01  2.4290650000000000E+00  2.0600296579730157E+00  3.6903534202698429E-01  2.2374768704439835E-01
  1.7000000000000000E+01  2.4000000000000000E+01  8.1189350937302240E+00 -1.0578944086748757E-01 -1.8410060926912358E-01  0.0000000000000000E+00  6.9595608260080724E+00  0.0000000000000000E+00  0.0000000000000000E+00
  1.7000000000000000E+01  2.5000000000000000E+01  7.2910060835580293E+00 -1.0578944086748757E-01 -1.8410060926912358E-01  8.4032070000000001E+00  6.2972710484693550E+00  2.1059359515306451E+00  2.0622487277877339E+00
  1.7000000000000000E+01  3.0000000000000000E+01  4.2582329505878258E+00 -1.0578944086748757E-01 -1.8410060926912358E-01  4.9918849999999999E+00  3.8194879634173859E+00  1.1723970365826140E+00  1.4686212434935793E+00
  1.7000000000000000E+01  4.8000000000000000E+01  6.1435649851275487E-01 -1.0578944086748757E-01 -1.8410060926912358E-01  5.6446399999999997E-01  6.3135711392862681E-01 -6.6893113928626846E-02 -1.3929738990452516E+00
  1.8000000000000000E+01  0.0000000000000000E+00  3.8353438513267606E+00 -3.5949790687117078E-01  2.6517882027131012E-01  0.0000000000000000E+00  4.9999999999999982E+00  0.0000000000000000E+00  0.0000000000000000E+00
  1.8000000000000000E+01  1.0000000000000000E+00  3.6394300094413063E+00 -3.5949790687117078E-01  2.6517882027131012E-01  3.5004160000000000E+00  4.5241870901797965E+00 -1.0237710901797965E+00 -4.5763568596729010E-01
  1.8000000000000000E+01  4.0000000000000000E+00  3.1097148622018755E+00 -3.5949790687117078E-01  2.6517882027131012E-01  3.3042490000000000E+00  3.3516002301781964E+00 -4.7351230178196424E-02  2.5784710068117894E-01
  1.8000000000000000E+01  1.1500000000000000E+01  2.0986429800878024E+00 -3.5949790687117078E-01  2.6517882027131012E-01  2.0338430000000001E+00  1.5831838468952670E+00  4.5065915310473303E-01 -9.9098157442900559E-01
  1.8000000000000000E+01  1.2000000000000000E+01  5.8796837083916129E+00 -3.5949790687117078E-01  2.6517882027131012E-01  0.0000000000000000E+00  6.5059710595610092E+00  0.0000000000000000E+00  0.0000000000000000E+00
  1.8000000000000000E+01  1.3000000000000000E+01  5.5793425997361705E+00 -3.5949790687117078E-01  2.6517882027131012E-01  6.6270930000000003E+00  5.8868460553498601E+00  7.4024694465014029E-01  1.5818383776330105E+00
  1.8000000000000000E+01  1.6000000000000000E+01  4.7672752487906926E+00 -3.5949790687117078E-01  2.6517882027131012E-01  3.7105660000000000E+00  4.3610828201514744E+00 -6.5051682015147438E-01 -2.3697743300517540E+00
  1.8000000000000000E+01  2.3500000000000000E+01  3.2172752738934016E+00 -3.5949790687117078E-01  2.6517882027131012E-01  3.4295260000000001E+00  2.0600296579730157E+00  1.3694963420269843E+00  1.0872606675800722E+00
  1.8000000000000000E+01  2.4000000000000000E+01  6.9693709993337771E+00 -3.5949790687117078E-01  2.6517882027131012E-01  0.0000000000000000E+00  6.9595608260080724E+00  0.0000000000000000E+00  0.0000000000000000E+00
  1.8000000000000000E+01  2.5000000000000000E+01  6.6133673915914848E+00 -3.5949790687117078E-01  2.6517882027131012E-01  6.6798140000000004E+00  6.2972710484693550E+00  3.8254295153064533E-01  3.5008095546856477E-01
  1.8000000000000000E+01  3.0000000000000000E+01  5.0882445816261246E+00 -3.5949790687117078E-01  2.6517882027131012E-01  4.4137849999999998E+00  3.8194879634173859E+00  5.9429703658261390E-01 -1.0345850773894691E+00
  1.8000000000000000E+01  4.8000000000000000E+01  1.9801184191627998E+00 -3.5949790687117078E-01  2.6517882027131012E-01  2.1003400000000001E+00  6.3135711392862681E-01  1.4689828860713732E+00  4.6273649292067258E+00
  1.9000000000000000E+01  0.0000000000000000E+00  4.5271231363164368E+00 -2.2580831108544736E-01  9.9351243926868421E-02  0.0000000000000000E+00  4.9999999999999982E+00  0.0000000000000000E+00  0.0000000000000000E+00
  1.9000000000000000E+01  1.0000000000000000E+00  4.2152908855282663E+00 -2.2580831108544736E-01  9.9351243926868421E-02  3.8293770000000000E+00  4.5241870901797965E+00 -6.9481009017979645E-01 -6.9870333027578435E-01
  1.9000000000000000E+01  4.0000000000000000E+00  3.4028536850380391E+00 -2.2580831108544736E-01  9.9351243926868421E-02  2.6823910000000000E+00  3.3516002301781964E+00 -6.6920923017819645E-01 -2.2211013157839323E+00
  1.9000000000000000E+01  1.1500000000000000E+01  1.9924277954706191E+00 -2.2580831108544736E-01  9.9351243926868421E-02  1.8954569999999999E+00  1.5831838468952670E+00  3.1227315310473291E-01 -1.1518143396969003E+00
  1.9000000000000000E+01  1.2000000000000000E+01  6.4497066452756702E+00 -2.2580831108544736E-01  9.9351243926868421E-02  0.0000000000000000E+00  6.5059710595610092E+00  0.0000000000000000E+00  0.0000000000000000E+00
  1.9000000000000000E+01  1.3000000000000000E+01  6.0054451397765733E+00 -2.2580831108544736E-01  9.9351243926868421E-02  6.2125199999999996E+00  5.8868460553498601E+00  3.2567394465013955E-01  2.8275285629401070E-01
  1.9000000000000000E+01  1.6000000000000000E+01  4.8479812376273212E+00 -2.2580831108544736E-01  9.9351243926868421E-02  5.5706059999999997E+00  4.3610828201514744E+00  1.2095231798485253E+00  1.3260811458633865E+00
  1.9000000000000000E+01  2.3500000000000000E+01  2.8385741685689760E+00 -2.2580831108544736E-01  9.9351243926868421E-02  2.9275579999999999E+00  2.0600296579730157E+00  8.6752834202698415E-01 -1.3455598246906020E-01
  1.9000000000000000E+01  2.4000000000000000E+01  7.2661914718690044E+00 -2.2580831108544736E-01  9.9351243926868421E-02  0.0000000000000000E+00  6.9595608260080724E+00  0.0000000000000000E+00  0.0000000000000000E+00
  1.9000000000000000E+01  2.5000000000000000E+01  6.7656897684462987E+00 -2.2580831108544736E-01  9.9351243926868421E-02  7.1358620000000004E+00  6.2972710484693550E+00  8.3859095153064533E-01  5.4640016573846040E-01
  1.9000000000000000E+01  3.0000000000000000E+01  4.7351996028747454E+00 -2.2580831108544736E-01  9.9351243926868421E-02  5.3583720000000001E+00  3.8194879634173859E+00  1.5388840365826142E+00  1.2234850197734783E+00
  1.9000000000000000E+01  4.8000000000000000E+01  1.3104867937677052E+00 -2.2580831108544736E-01  9.9351243926868421E-02  1.2282420000000001E+00  6.3135711392862681E-01  5.9688488607137324E-01 -3.4609709097139252E-01
  2.0000000000000000E+01  0.0000000000000000E+00  1.0566742704488805E+01 -2.4036837119408121E-02 -7.4827367576353832E-01  0.0000000000000000E+00  4.9999999999999982E+00  0.0000000000000000E+00  0.0000000000000000E+00
  2.0000000000000000E+01  1.0000000000000000E+00  8.5990231271248216E+00 -2.4036837119408121E-02 -7.4827367576353832E-01  8.0959710000000005E+00  4.5241870901797965E+00  3.5717839098202040E+00  1.8427515028786698E+00
  2.0000000000000000E+01  4.0000000000000000E+00  4.6341818285233076E+00 -2.4036837119408121E-02 -7.4827367576353832E-01  4.7139069999999998E+00  3.3516002301781964E+00  1.3623067698218034E+00 -1.8406321152744426E-01
  2.0000000000000000E+01  1.1500000000000000E+01  9.8805916810330618E-01 -2.4036837119408121E-02 -7.4827367576353832E-01  1.0070079999999999E+00  1.5831838468952670E+00 -5.7617584689526713E-01 -2.4619247187627553E+00
  2.0000000000000000E+01  1.2000000000000000E+01  1.1458069462547764E+01 -2.4036837119408121E-02 -7.4827367576353832E-01  0.0000000000000000E+00  6.5059710595610092E+00  0.0000000000000000E+00  0.0000000000000000E+00
  2.0000000000000000E+01  1.3000000000000000E+01  9.3243686399968482E+00 -2.4036837119408121E-02 -7.4827367576353832E-01  8.8356169999999992E+00  5.8868460553498601E+00  2.9487709446501391E+00  8.8453963154566828E-01
  2.0000000000000000E+01  1.6000000000000000E+01  5.0250847189399286E+00 -2.4036837119408121E-02 -7.4827367576353832E-01  5.2258750000000003E+00  4.3610828201514744E+00  8.6479217984852585E-01 -3.9311916786108436E-01
  2.0000000000000000E+01  2.3500000000000000E+01  1.0714040170984307E+00 -2.4036837119408121E-02 -7.4827367576353832E-01  9.6661100000000000E-01  2.0600296579730157E+00 -1.0934186579730159E+00 -2.1823585404539232E+00
  2.0000000000000000E+01  2.4000000000000000E+01  1.1533254731258280E+01 -2.4036837119408121E-02 -7.4827367576353832E-01  0.0000000000000000E+00  6.9595608260080724E+00  0.0000000000000000E+00  0.0000000000000000E+00
  2.0000000000000000E+01  2.5000000000000000E+01  9.3855530449304698E+00 -2.4036837119408121E-02 -7.4827367576353832E-01  1.0184279999999999E+01  6.2972710484693550E+00  3.8870089515306443E+00  2.8081827121919019E+00
  2.0000000000000000E+01  3.0000000000000000E+01  3.3496527729802668E+00 -2.4036837119408121E-02 -7.4827367576353832E-01  3.9015089999999999E+00  3.8194879634173859E+00  8.2021036582613949E-02 -4.6897738538430545E-02
  2.0000000000000000E+01  4.8000000000000000E+01  8.2062266521180857E-02 -2.4036837119408121E-02 -7.4827367576353832E-01  8.1742999999999996E-02  6.3135711392862681E-01 -5.4961411392862680E-01  2.3593022885298125E+00
  2.1000000000000000E+01  0.0000000000000000E+00  5.4141704576780203E+00  3.5532655148452258E-01 -7.9581762872283551E-02  0.0000000000000000E+00  4.9999999999999982E+00  0.0000000000000000E+00  0.0000000000000000E+00
  2.1000000000000000E+01  1.0000000000000000E+00  4.6242347673874455E+00  3.5532655148452258E-01 -7.9581762872283551E-02  4.8736660000000001E+00  4.5241870901797965E+00  3.4947890982020358E-01  6.7712066530626569E-01
  2.1000000000000000E+01  4.0000000000000000E+00  2.8811357682460383E+00  3.5532655148452258E-01 -7.9581762872283551E-02  3.3512450000000000E+00  3.3516002301781964E+00 -3.5523017819638625E-04  9.6034019690888983E-01
  2.1000000000000000E+01  1.1500000000000000E+01  8.8282240751031971E-01  3.5532655148452258E-01 -7.9581762872283551E-02  8.0810999999999999E-01  1.5831838468952670E+00 -7.7507384689526704E-01 -9.9031675253758111E-01
  2.1000000000000000E+01  1.2000000000000000E+01  6.2300524028903554E+00  3.5532655148452258E-01 -7.9581762872283551E-02  0.0000000000000000E+00  6.5059710595610092E+00  0.0000000000000000E+00  0.0000000000000000E+00
  2.1000000000000000E+01  1.3000000000000000E+01  5.3210782980125675E+00  3.5532655148452258E-01 -7.9581762872283551E-02  5.3830489999999998E+00  5.8868460553498601E+00 -5.0379705534986030E-01  2.0838861792972396E-02
  2.1000000000000000E+01  1.6000000000000000E+01  3.3153050788343026E+00  3.5532655148452258E-01 -7.9581762872283551E-02  3.0269550000000001E+00  4.3610828201514744E+00 -1.3341278201514744E+00 -1.0590102179467358E+00
  2.1000000000000000E+01  2.3500000000000000E+01  1.0158582749154741E+00  3.5532655148452258E-01 -7.9581762872283551E-02  1.0388820000000001E+00  2.0600296579730157E+00 -1.0211476579730157E+00 -1.7904478579167082E-01
  2.1000000000000000E+01  2.4000000000000000E+01  6.3530007573477709E+00  3.5532655148452258E-01 -7.9581762872283551E-02  0.0000000000000000E+00  6.9595608260080724E+00  0.0000000000000000E+00  0.0000000000000000E+00
  2.1000000000000000E+01  2.5000000000000000E+01  5.4260883008780638E+00  3.5532655148452258E-01 -7.9581762872283551E-02  4.9914959999999997E+00  6.2972710484693550E+00 -1.3057750484693553E+00 -7.1397638408299791E-01
  2.1000000000000000E+01  3.0000000000000000E+01  2.4661904179765224E+00  3.5532655148452258E-01 -7.9581762872283551E-02  2.4302540000000001E+00  3.8194879634173859E+00 -1.3892339634173858E+00 -4.4533542082293864E-01
  2.1000000000000000E+01  4.8000000000000000E+01  1.4426789756405428E-01  3.5532655148452258E-01 -7.9581762872283551E-02  1.5045300000000000E-01  6.3135711392862681E-01 -4.8090411392862681E-01  1.2804373106222182E+00
  2.2000000000000000E+01  0.0000000000000000E+00  3.0605507317230600E+00  2.4938153615327494E-01  4.9084303497657689E-01  0.0000000000000000E+00  4.9999999999999982E+00  0.0000000000000000E+00  0.0000000000000000E+00
  2.2000000000000000E+01  1.0000000000000000E+00  2.8263107821085303E+00  2.4938153615327494E-01  4.9084303497657689E-01  2.5680610000000001E+00  4.5241870901797965E+00 -1.9561260901797963E+00 -1.1385167939526351E+00
  2.2000000000000000E+01  4.0000000000000000E+00  2.2257732208572842E+00  2.4938153615327494E-01  4.9084303497657689E-01  2.3290000000000002E+00  3.3516002301781964E+00 -1.0226002301781962E+00 -1.1810549025495118E-01
  2.2000000000000000E+01  1.1500000000000000E+01  1.2249924359093016E+00  2.4938153615327494E-01  4.9084303497657689E-01  1.2688320000000000E+00  1.5831838468952670E+00 -3.1435184689526707E-01  7.3806728895135829E-02
  2.2000000000000000E+01  1.2000000000000000E+01  4.2377326246786433E+00  2.4938153615327494E-01  4.9084303497657689E-01  0.0000000000000000E+00  6.5059710595610092E+00  0.0000000000000000E+00  0.0000000000000000E+00
  2.2000000000000000E+01  1.3000000000000000E+01  3.9133967898905935E+00  2.4938153615327494E-01  4.9084303497657689E-01  3.9761500000000001E+00  5.8868460553498601E+00 -1.9106960553498600E+00 -4.9348501829326202E-01
  2.2000000000000000E+01  1.6000000000000000E+01  3.0818740220171819E+00  2.4938153615327494E-01  4.9084303497657689E-01  3.4315460000000000E+00  4.3610828201514744E+00 -9.2953682015147443E-01  3.8456421047644629E-01
  2.2000000000000000E+01  2.3500000000000000E+01  1.6961621831097113E+00  2.4938153615327494E-01  4.9084303497657689E-01  1.5422830000000001E+00  2.0600296579730157E+00 -5.1774665797301567E-01 -6.6249894928233055E-01
  2.2000000000000000E+01  2.4000000000000000E+01  4.6905129673597541E+00  2.4938153615327494E-01  4.9084303497657689E-01  0.0000000000000000E+00  6.9595608260080724E+00  0.0000000000000000E+00  0.0000000000000000E+00
  2.2000000000000000E+01  2.5000000000000000E+01  4.3315234855804112E+00  2.4938153615327494E-01  4.9084303497657689E-01  3.9695630000000000E+00  6.2972710484693550E+00 -2.3277080484693551E+00 -1.0781367453916777E+00
  2.2000000000000000E+01  3.0000000000000000E+01  2.9089907227564189E+00  2.4938153615327494E-01  4.9084303497657689E-01  2.9623499999999998E+00  3.8194879634173859E+00 -8.5713796341738613E-01 -5.0846679859682636E-02
  2.2000000000000000E+01  4.8000000000000000E+01  6.9391826990421357E-01  2.4938153615327494E-01  4.9084303497657689E-01  7.1043199999999995E-01  6.3135711392862681E-01  7.9074886071373141E-02  5.1686606249371625E-01
  2.3000000000000000E+01  0.0000000000000000E+00  2.3069708422682251E+00 -3.0040589626546575E-02  7.7350257213109896E-01  0.0000000000000000E+00  4.9999999999999982E+00  0.0000000000000000E+00  0.0000000000000000E+00
  2.3000000000000000E+01  1.0000000000000000E+00  2.2061080423485833E+00 -3.0040589626546575E-02  7.7350257213109896E-01  2.1250330000000002E+00  4.5241870901797965E+00 -2.3991540901797963E+00 -3.5949942517862443E-01
  2.3000000000000000E+01  4.0000000000000000E+00  1.9292157322079695E+00 -3.0040589626546575E-02  7.7350257213109896E-01  1.6958770000000001E+00  3.3516002301781964E+00 -1.6557232301781963E+00 -1.0766134520165342E+00
  2.3000000000000000E+01  1.1500000000000000E+01  1.3796401900499062E+00 -3.0040589626546575E-02  7.7350257213109896E-01  1.6805120000000000E+00  1.5831838468952670E+00  9.7328153104732973E-02  6.9172430791307393E-01
  2.3000000000000000E+01  1.2000000000000000E+01  3.6561144294517400E+00 -3.0040589626546575E-02  7.7350257213109896E-01  0.0000000000000000E+00  6.5059710595610092E+00  0.0000000000000000E+00  0.0000000000000000E+00
  2.3000000000000000E+01  1.3000000000000000E+01  3.4962658819865569E+00 -3.0040589626546575E-02  7.7350257213109896E-01  3.1014379999999999E+00  5.8868460553498601E+00 -2.7854080553498601E+00 -1.0922588169799705E+00
  2.3000000000000000E+01  1.6000000000000000E+01  3.0574437035866011E+00 -3.0040589626546575E-02  7.7350257213109896E-01  3.6946360000000000E+00  4.3610828201514744E+00 -6.6644682015147438E-01  9.3242675268869979E-01
  2.3000000000000000E+01  2.3500000000000000E+01  2.1864699431283654E+00 -3.0040589626546575E-02  7.7350257213109896E-01  2.1823299999999999E+00  2.0600296579730157E+00  1.2230034202698414E-01 -3.9656582158657805E-01
  2.3000000000000000E+01  2.4000000000000000E+01  4.4451094117414973E+00 -3.0040589626546575E-02  7.7350257213109896E-01  0.0000000000000000E+00  6.9595608260080724E+00  0.0000000000000000E+00  0.0000000000000000E+00
  2.3000000000000000E+01  2.5000000000000000E+01  4.2507653077750236E+00 -3.0040589626546575E-02  7.7350257213109896E-01  3.2278680000000000E+00  6.2972710484693550E+00 -3.0694030484693551E+00 -1.7713313361733507E+00
  2.3000000000000000E+01  3.0000000000000000E+01  3.3993077865987096E+00 -3.0040589626546575E-02  7.7350257213109896E-01  3.2032180000000001E+00  3.8194879634173859E+00 -6.1626996341738582E-01 -4.9517225870581838E-01
  2.3000000000000000E+01  4.8000000000000000E+01  1.5202485256141118E+00 -3.0040589626546575E-02  7.7350257213109896E-01  1.4851970000000001E+00  6.3135711392862681E-01  8.5383988607137329E-01  2.4467288917382111E+00
  2.4000000000000000E+01  0.0000000000000000E+00  4.0174054840933895E+00 -6.0477493386126013E-01  2.1880162013149426E-01  0.0000000000000000E+00  4.9999999999999982E+00  0.0000000000000000E+00  0.0000000000000000E+00
  2.4000000000000000E+01  1.0000000000000000E+00  3.8521196903047725E+00 -6.0477493386126013E-01  2.1880162013149426E-01  3.8416410000000001E+00  4.5241870901797965E+00 -6.8254609017979639E-01  3.6888780906491436E-01
  2.4000000000000000E+01  4.0000000000000000E+00  3.3959562511533958E+00 -6.0477493386126013E-01  2.1880162013149426E-01  3.2274219999999998E+00  3.3516002301781964E+00 -1.2417823017819662E-01 -9.1969074793629324E-01
  2.4000000000000000E+01  1.1500000000000000E+01  2.4780945454213659E+00 -6.0477493386126013E-01  2.1880162013149426E-01  2.4083000000000001E+00  1.5831838468952670E+00  8.2511615310473307E-01 -2.3681055640301931E+00
  2.4000000000000000E+01  1.2000000000000000E+01  6.4439872178494060E+00 -6.0477493386126013E-01  2.1880162013149426E-01  0.0000000000000000E+00  6.5059710595610092E+00  0.0000000000000000E+00  0.0000000000000000E+00
  2.4000000000000000E+01  1.3000000000000000E+01  6.1788659731348456E+00 -6.0477493386126013E-01  2.1880162013149426E-01  6.6300480000000004E+00  5.8868460553498601E+00  7.4320194465014033E-01  7.3807403747464462E-01
  2.4000000000000000E+01  1.6000000000000000E+01  5.4471720022921035E+00 -6.0477493386126013E-01  2.1880162013149426E-01  5.6947570000000001E+00  4.3610828201514744E+00  1.3336741798485257E+00  6.7416503812551154E-02
  2.4000000000000000E+01  2.3500000000000000E+01  3.9749061025940491E+00 -6.0477493386126013E-01  2.1880162013149426E-01  3.9935440000000000E+00  2.0600296579730157E+00  1.9335143420269842E+00 -7.2545185153210845E-01
  2.4000000000000000E+01  2.4000000000000000E+01  7.9096841543206233E+00 -6.0477493386126013E-01  2.1880162013149426E-01  0.0000000000000000E+00  6.9595608260080724E+00  0.0000000000000000E+00  0.0000000000000000E+00
  2.4000000000000000E+01  2.5000000000000000E+01  7.5842605869858053E+00 -6.0477493386126013E-01  2.1880162013149426E-01  7.1981080000000004E+00  6.2972710484693550E+00  9.0083695153064536E-01 -1.5301396393062153E-01
  2.4000000000000000E+01  3.0000000000000000E+01  6.1472909661301633E+00 -6.0477493386126013E-01  2.1880162013149426E-01  6.5327419999999998E+00  3.8194879634173859E+00  2.7132540365826139E+00  1.0575716036984857E+00
  2.4000000000000000E+01  4.8000000000000000E+01  2.8857430198034697E+00 -6.0477493386126013E-01  2.1880162013149426E-01  2.9522889999999999E+00  6.3135711392862681E-01  2.3209318860713730E+00  6.2290924825360028E+00
  2.5000000000000000E+01  0.0000000000000000E+00  3.6350973078708493E+00  9.2123349964905199E-01  3.1880203210379732E-01  0.0000000000000000E+00  4.9999999999999982E+00  0.0000000000000000E+00  0.0000000000000000E+00
  2.5000000000000000E+01  1.0000000000000000E+00  2.9746942522158739E+00  9.2123349964905199E-01  3.1880203210379732E-01  3.0962950000000000E+00  4.5241870901797965E+00 -1.4278920901797965E+00 -1.2301464588604544E-01
  2.5000000000000000E+01  4.0000000000000000E+00  1.6301261499250110E+00  9.2123349964905199E-01  3.1880203210379732E-01  1.5331200000000000E+00  3.3516002301781964E+00 -1.8184802301781964E+00 -1.2515772295959249E+00
  2.5000000000000000E+01  1.1500000000000000E+01  3.6238349917665613E-01  9.2123349964905199E-01  3.1880203210379732E-01  3.6572700000000002E-01  1.5831838468952670E+00 -1.2174568468952671E+00 -8.6066818783074439E-01
  2.5000000000000000E+01  1.2000000000000000E+01  3.9629143753073679E+00  9.2123349964905199E-01  3.1880203210379732E-01  0.0000000000000000E+00  6.5059710595610092E+00  0.0000000000000000E+00  0.0000000000000000E+00
  2.5000000000000000E+01  1.3000000000000000E+01  3.2429554468117470E+00  9.2123349964905199E-01  3.1880203210379732E-01  3.3777330000000001E+00  5.8868460553498601E+00 -2.5091130553498600E+00 -4.8268011637640068E-01
  2.5000000000000000E+01  1.6000000000000000E+01  1.7771327163965420E+00  9.2123349964905199E-01  3.1880203210379732E-01  1.7070689999999999E+00  4.3610828201514744E+00 -2.6540138201514747E+00 -1.1459201559114354E+00
  2.5000000000000000E+01  2.3500000000000000E+01  3.9506364111680586E-01  9.2123349964905199E-01  3.1880203210379732E-01  3.5198099999999999E-01  2.0600296579730157E+00 -1.7080486579730159E+00 -6.4138468850547625E-01
  2.5000000000000000E+01  2.4000000000000000E+01  3.9924772784709210E+00  9.2123349964905199E-01  3.1880203210379732E-01  0.0000000000000000E+00  6.9595608260080724E+00  0.0000000000000000E+00  0.0000000000000000E+00
  2.5000000000000000E+01  2.5000000000000000E+01  3.2671475359558317E+00  9.2123349964905199E-01  3.1880203210379732E-01  3.2971900000000001E+00  6.2972710484693550E+00 -3.0000810484693550E+00 -5.8985216202706825E-01
  2.5000000000000000E+01  3.0000000000000000E+01  1.1989476289689709E+00  9.2123349964905199E-01  3.1880203210379732E-01  1.2497100000000001E+00  3.8194879634173859E+00 -2.5697779634173861E+00 -6.5868243237445623E-01
  2.5000000000000000E+01  4.8000000000000000E+01  3.2469342405376959E-02  9.2123349964905199E-01  3.1880203210379732E-01  3.4381000000000002E-02  6.3135711392862681E-01 -5.9697611392862682E-01  1.3685012594431250E+00
  2.6000000000000000E+01  0.0000000000000000E+00  6.1773842579378977E+00 -3.0047092242680769E-02 -2.1145701020267674E-01  0.0000000000000000E+00  4.9999999999999982E+00  0.0000000000000000E+00  0.0000000000000000E+00
  2.6000000000000000E+01  1.0000000000000000E+00  5.4804532629854483E+00 -3.0047092242680769E-02 -2.1145701020267674E-01  6.2054309999999999E+00  4.5241870901797965E+00  1.6812439098202034E+00  1.6127716304185393E+00
  2.6000000000000000E+01  4.0000000000000000E+00  3.8269436084163257E+00 -3.0047092242680769E-02 -2.1145701020267674E-01  3.7737240000000001E+00  3.3516002301781964E+00  4.2212376982180366E-01 -1.8244658549387929E-01
  2.6000000000000000E+01  1.1500000000000000E+01  1.5593407325362711E+00 -3.0047092242680769E-02 -2.1145701020267674E-01  1.5888899999999999E+00  1.5831838468952670E+00  5.7061531047328806E-03  2.0508124139496234E-01
  2.6000000000000000E+01  1.2000000000000000E+01  7.6461311283905200E+00 -3.0047092242680769E-02 -2.1145701020267674E-01  0.0000000000000000E+00  6.5059710595610092E+00  0.0000000000000000E+00  0.0000000000000000E+00
  2.6000000000000000E+01  1.3000000000000000E+01  6.7834964674499139E+00 -3.0047092242680769E-02 -2.1145701020267674E-01  7.0769039999999999E+00  5.8868460553498601E+00  1.1900579446501398E+00  6.1825547701435013E-01
  2.6000000000000000E+01  1.6000000000000000E+01  4.7368451482205618E+00 -3.0047092242680769E-02 -2.1145701020267674E-01  4.1941649999999999E+00  4.3610828201514744E+00 -1.6691782015147449E-01 -1.1221027756867406E+00
  2.6000000000000000E+01  2.3500000000000000E+01  1.9300926115276027E+00 -3.0047092242680769E-02 -2.1145701020267674E-01  1.8848020000000001E+00  2.0600296579730157E+00 -1.7522765797301565E-01 -4.8024286393840709E-03
  2.6000000000000000E+01  2.4000000000000000E+01  7.9953432349050795E+00 -3.0047092242680769E-02 -2.1145701020267674E-01  0.0000000000000000E+00  6.9595608260080724E+00  0.0000000000000000E+00  0.0000000000000000E+00
  2.6000000000000000E+01  2.5000000000000000E+01  7.0933105487356070E+00 -3.0047092242680769E-02 -2.1145701020267674E-01  7.0655349999999997E+00  6.2972710484693550E+00  7.6826395153064464E-01  1.3115855232305129E-01
  2.6000000000000000E+01  3.0000000000000000E+01  3.8985964327336506E+00 -3.0047092242680769E-02 -2.1145701020267674E-01  3.8490090000000001E+00  3.8194879634173859E+00  2.9521036582614180E-02  3.8442104124598725E-03
  2.6000000000000000E+01  4.8000000000000000E+01  4.5198267369887840E-01 -3.0047092242680769E-02 -2.1145701020267674E-01  4.7474000000000000E-01  6.3135711392862681E-01 -1.5661711392862682E-01  8.5198847237226416E-01
  2.7000000000000000E+01  0.0000000000000000E+00  3.2428333880572651E+00  1.9754794579508383E-01  4.3299046229757104E-01  0.0000000000000000E+00  4.9999999999999982E+00  0.0000000000000000E+00  0.0000000000000000E+00
  2.7000000000000000E+01  1.0000000000000000E+00  2.9939422682328769E+00  1.9754794579508383E-01  4.3299046229757104E-01  3.3577010000000000E+00  4.5241870901797965E+00 -1.1664860901797964E+00  2.5502394279434959E-01
  2.7000000000000000E+01  4.0000000000000000E+00  2.3561328753092381E+00  1.9754794579508383E-01  4.3299046229757104E-01  2.4130569999999998E+00  3.3516002301781964E+00 -9.3854323017819663E-01 -1.4330297403576764E-01
  2.7000000000000000E+01  1.1500000000000000E+01  1.2944660736514129E+00  1.9754794579508383E-01  4.3299046229757104E-01  1.3630920000000000E+00  1.5831838468952670E+00 -2.2009184689526706E-01  3.7312341247582254E-01
  2.7000000000000000E+01  1.2000000000000000E+01  4.4866319933859362E+00  1.9754794579508383E-01  4.3299046229757104E-01  0.0000000000000000E+00  6.5059710595610092E+00  0.0000000000000000E+00  0.0000000000000000E+00
  2.7000000000000000E+01  1.3000000000000000E+01  4.1422779278374930E+00  1.9754794579508383E-01  4.3299046229757104E-01  3.6243900000000000E+00  5.8868460553498601E+00 -2.2624560553498601E+00 -1.3093714002601788E+00
  2.7000000000000000E+01  1.6000000000000000E+01  3.2598348030960107E+00  1.9754794579508383E-01  4.3299046229757104E-01  3.3403980000000000E+00  4.3610828201514744E+00 -1.0206848201514744E+00 -3.0848102927739911E-02
  2.7000000000000000E+01  2.3500000000000000E+01  1.7909624718266732E+00  1.9754794579508383E-01  4.3299046229757104E-01  1.6210640000000001E+00  2.0600296579730157E+00 -4.3896565797301568E-01 -5.1410161586186054E-01
  2.7000000000000000E+01  2.4000000000000000E+01  4.9636947300393155E+00  1.9754794579508383E-01  4.3299046229757104E-01  0.0000000000000000E+00  6.9595608260080724E+00  0.0000000000000000E+00  0.0000000000000000E+00
  2.7000000000000000E+01  2.5000000000000000E+01  4.5827255614179139E+00  1.9754794579508383E-01  4.3299046229757104E-01  3.9908280000000000E+00  6.2972710484693550E+00 -2.3064430484693550E+00 -1.2616083556063835E+00
  2.7000000000000000E+01  3.0000000000000000E+01  3.0740985008132382E+00  1.9754794579508383E-01  4.3299046229757104E-01  3.2116750000000001E+00  3.8194879634173859E+00 -6.0781296341738589E-01  3.6113383824796741E-01
  2.7000000000000000E+01  4.8000000000000000E+01  7.3022369898662687E-01  1.9754794579508383E-01  4.3299046229757104E-01  7.6917500000000005E-01  6.3135711392862681E-01  1.3781788607137324E-01  9.1161020634168244E-01
  2.8000000000000000E+01  0.0000000000000000E+00  4.1226791418111377E+00 -4.0693644592331296E-01  1.9293468327260377E-01  0.0000000000000000E+00  4.9999999999999982E+00  0.0000000000000000E+00  0.0000000000000000E+00
  2.8000000000000000E+01  1.0000000000000000E+00  3.9076989444451877E+00 -4.0693644592331296E-01  1.9293468327260377E-01  4.2428189999999999E+00  4.5241870901797965E+00 -2.8136809017979658E-01  1.2124884577955251E+00
  2.8000000000000000E+01  4.0000000000000000E+00  3.3277123786109701E+00 -4.0693644592331296E-01  1.9293468327260377E-01  3.1053839999999999E+00  3.3516002301781964E+00 -2.4621623017819649E-01 -6.5792775533655989E-01
  2.8000000000000000E+01  1.1500000000000000E+01  2.2269347583510184E+00 -4.0693644592331296E-01  1.9293468327260377E-01  2.1268590000000001E+00  1.5831838468952670E+00  5.4367515310473302E-01 -1.5916644731763825E+00
  2.8000000000000000E+01  1.2000000000000000E+01  6.2907739758546981E+00 -4.0693644592331296E-01  1.9293468327260377E-01  0.0000000000000000E+00  6.5059710595610092E+00  0.0000000000000000E+00  0.0000000000000000E+00
  2.8000000000000000E+01  1.3000000000000000E+01  5.9627368465039758E+00 -4.0693644592331296E-01  1.9293468327260377E-01  4.9645770000000002E+00  5.8868460553498601E+00 -9.2226905534985981E-01 -1.3869881862692615E+00
  2.8000000000000000E+01  1.6000000000000000E+01  5.0777384585158245E+00 -4.0693644592331296E-01  1.9293468327260377E-01  6.0922660000000004E+00  4.3610828201514744E+00  1.7311831798485260E+00  2.1515962042488690E+00
  2.8000000000000000E+01  2.3500000000000000E+01  3.3980677956923149E+00 -4.0693644592331296E-01  1.9293468327260377E-01  3.8400110000000001E+00  2.0600296579730157E+00  1.7799813420269843E+00  1.3713719849849646E+00
  2.8000000000000000E+01  2.4000000000000000E+01  7.4309634127996596E+00 -4.0693644592331296E-01  1.9293468327260377E-01  0.0000000000000000E+00  6.9595608260080724E+00  0.0000000000000000E+00  0.0000000000000000E+00
  2.8000000000000000E+01  2.5000000000000000E+01  7.0434702497006212E+00 -4.0693644592331296E-01  1.9293468327260377E-01  6.0559089999999998E+00  6.2972710484693550E+00 -2.4136204846935527E-01 -1.0155192661274410E+00
  2.8000000000000000E+01  3.0000000000000000E+01  5.3888301126802416E+00 -4.0693644592331296E-01  1.9293468327260377E-01  5.3231390000000003E+00  3.8194879634173859E+00  1.5036510365826143E+00  6.9225550237941080E-02
  2.8000000000000000E+01  4.8000000000000000E+01  2.0551456220957558E+00 -4.0693644592331296E-01  1.9293468327260377E-01  2.0280399999999998E+00  6.3135711392862681E-01  1.3966828860713729E+00  2.4141155530730636E+00
  2.9000000000000000E+01  0.0000000000000000E+00  6.5531661623500179E+00 -8.1249704042108095E-01 -2.7051040398574877E-01  0.0000000000000000E+00  4.9999999999999982E+00  0.0000000000000000E+00  0.0000000000000000E+00
  2.9000000000000000E+01  1.0000000000000000E+00  6.2082317654373051E+00 -8.1249704042108095E-01 -2.7051040398574877E-01  6.0966110000000002E+00  4.5241870901797965E+00  1.5724239098202037E+00  1.2838935583957587E+00
  2.9000000000000000E+01  4.0000000000000000E+00  5.2785926196398867E+00 -8.1249704042108095E-01 -2.7051040398574877E-01  5.7621320000000003E+00  3.3516002301781964E+00  2.4105317698218038E+00  1.8461974562066938E+00
  2.9000000000000000E+01  1.1500000000000000E+01  3.5187929055351264E+00 -8.1249704042108095E-01 -2.7051040398574877E-01  4.1372549999999997E+00  1.5831838468952670E+00  2.5540711531047329E+00  1.9992739172718887E+00
  2.9000000000000000E+01  1.2000000000000000E+01  9.9780991497193181E+00 -8.1249704042108095E-01 -2.7051040398574877E-01  0.0000000000000000E+00  6.5059710595610092E+00  0.0000000000000000E+00  0.0000000000000000E+00
  2.9000000000000000E+01  1.3000000000000000E+01  9.4528889647070962E+00 -8.1249704042108095E-01 -2.7051040398574877E-01  8.1113020000000002E+00  5.8868460553498601E+00  2.2244559446501402E+00 -9.6020117104431868E-01
  2.9000000000000000E+01  1.6000000000000000E+01  8.0373851699886441E+00 -8.1249704042108095E-01 -2.7051040398574877E-01  7.5378299999999996E+00  4.3610828201514744E+00  3.1767471798485252E+00 -6.1896961973086773E-01
  2.9000000000000000E+01  2.3500000000000000E+01  5.3578474326625916E+00 -8.1249704042108095E-01 -2.7051040398574877E-01  5.1680190000000001E+00  2.0600296579730157E+00  3.1079893420269844E+00 -1.1899371936686873E+00
  2.9000000000000000E+01  2.4000000000000000E+01  1.1768098926523983E+01 -8.1249704042108095E-01 -2.7051040398574877E-01  0.0000000000000000E+00  6.9595608260080724E+00  0.0000000000000000E+00  0.0000000000000000E+00
  2.9000000000000000E+01  2.5000000000000000E+01  1.1148669782585715E+01 -8.1249704042108095E-01 -2.7051040398574877E-01  1.1504769000000000E+01  6.2972710484693550E+00  5.2074979515306445E+00  2.1503413921817010E+00
  2.9000000000000000E+01  3.0000000000000000E+01  8.5075940675842290E+00 -8.1249704042108095E-01 -2.7051040398574877E-01  9.0200099999999992E+00  3.8194879634173859E+00  5.2005220365826137E+00  1.9557932181454509E+00
  2.9000000000000000E+01  4.8000000000000000E+01  3.2144606027110236E+00 -8.1249704042108095E-01 -2.7051040398574877E-01  3.1495970000000000E+00  6.3135711392862681E-01  2.5182398860713731E+00  3.6010050269371856E+00
  3.0000000000000000E+01  0.0000000000000000E+00  5.9510408748333887E+00  4.5711505689386883E-01 -1.7412822877054293E-01  0.0000000000000000E+00  4.9999999999999982E+00  0.0000000000000000E+00  0.0000000000000000E+00
  3.0000000000000000E+01  1.0000000000000000E+00  4.9041526017184731E+00  4.5711505689386883E-01 -1.7412822877054293E-01  4.3694930000000003E+00  4.5241870901797965E+00 -1.5469409017979618E-01 -3.5588497444727746E-01
  3.0000000000000000E+01  4.0000000000000000E+00  2.7445876365763424E+00  4.5711505689386883E-01 -1.7412822877054293E-01  2.7830390000000000E+00  3.3516002301781964E+00 -5.6856123017819638E-01 -4.9679298863312726E-01
  3.0000000000000000E+01  1.1500000000000000E+01  6.4307247377323473E-01  4.5711505689386883E-01 -1.7412822877054293E-01  6.3437299999999996E-01  1.5831838468952670E+00 -9.4881084689526707E-01 -1.4306138643095918E+00
  3.0000000000000000E+01  1.2000000000000000E+01  6.5348158062844295E+00  4.5711505689386883E-01 -1.7412822877054293E-01  0.0000000000000000E+00  6.5059710595610092E+00  0.0000000000000000E+00  0.0000000000000000E+00
  3.0000000000000000E+01  1.3000000000000000E+01  5.3852316951256078E+00  4.5711505689386883E-01 -1.7412822877054293E-01  5.7719329999999998E+00  5.8868460553498601E+00 -1.1491305534986029E-01  7.7805516310165512E-01
  3.0000000000000000E+01  1.6000000000000000E+01  3.0138214551809894E+00  4.5711505689386883E-01 -1.7412822877054293E-01  2.7039580000000001E+00  4.3610828201514744E+00 -1.6571248201514743E+00 -1.5077039368900174E+00
  3.0000000000000000E+01  2.3500000000000000E+01  7.0615548684454599E-01  4.5711505689386883E-01 -1.7412822877054293E-01  6.9806599999999996E-01  2.0600296579730157E+00 -1.3619636579730159E+00 -9.8775423307965371E-01
  3.0000000000000000E+01  2.4000000000000000E+01  6.5920819514443227E+00  4.5711505689386883E-01 -1.7412822877054293E-01  0.0000000000000000E+00  6.9595608260080724E+00  0.0000000000000000E+00  0.0000000000000000E+00
  3.0000000000000000E+01  2.5000000000000000E+01  5.4324237613007780E+00  4.5711505689386883E-01 -1.7412822877054293E-01  5.8622050000000003E+00  6.2972710484693550E+00 -4.3506604846935470E-01  7.7392608879223979E-01
  3.0000000000000000E+01  3.0000000000000000E+01  2.0646614639312739E+00  4.5711505689386883E-01 -1.7412822877054293E-01  2.2805279999999999E+00  3.8194879634173859E+00 -1.5389599634173861E+00 -4.2609211612260661E-01
  3.0000000000000000E+01  4.8000000000000000E+01  6.3434805755370111E-02  4.5711505689386883E-01 -1.7412822877054293E-01  6.3963999999999993E-02  6.3135711392862681E-01 -5.6739311392862679E-01  1.3296397230858612E+00
