TABLE NO.  1
 ID              TIME            CWRES           ETA1            ETA2            ETA3            DV              PRED            RES             WRES
  1.00000000E+00  0.00000000E+00  0.00000000E+00 -2.12013116E-01  4.52493031E-02 -5.65031858E-02  0.00000000E+00  0.00000000E+00  0.00000000E+00  0.00000000E+00
  1.00000000E+00  5.00000000E-01 -4.86468774E-01 -2.12013116E-01  4.52493031E-02 -5.65031858E-02  4.35710000E+00  5.16782223E+00 -8.10722226E-01 -4.72215351E-01
  1.00000000E+00  1.00000000E+00 -4.23454243E-01 -2.12013116E-01  4.52493031E-02 -5.65031858E-02  6.90570000E+00  7.92285045E+00 -1.01715045E+00 -4.12476496E-01
  1.00000000E+00  2.00000000E+00 -3.02440171E-01 -2.12013116E-01  4.52493031E-02 -5.65031858E-02  9.21200000E+00  1.01157484E+01 -9.03748366E-01 -2.92099797E-01
  1.00000000E+00  4.00000000E+00 -5.96786253E-02 -2.12013116E-01  4.52493031E-02 -5.65031858E-02  1.03646000E+01  1.06600516E+01 -2.95451626E-01 -4.99949929E-02
  1.00000000E+00  8.00000000E+00 -3.43309747E-02 -2.12013116E-01  4.52493031E-02 -5.65031858E-02  9.94360000E+00  1.00674907E+01 -1.23890658E-01 -2.81557641E-02
  1.00000000E+00  1.20000000E+01 -4.32469047E-03 -2.12013116E-01  4.52493031E-02 -5.65031858E-02  9.46810000E+00  9.43434517E+00  3.37548289E-02 -2.26581549E-03
  1.00000000E+00  2.40000000E+01  1.46212371E-01 -2.12013116E-01  4.52493031E-02 -5.65031858E-02  8.27970000E+00  7.76253898E+00  5.17161023E-01  1.34091937E-01
  1.00000000E+00  4.80000000E+01  1.82834809E-01 -2.12013116E-01  4.52493031E-02 -5.65031858E-02  6.03700000E+00  5.25517808E+00  7.81821920E-01  1.41761965E-01
  1.00000000E+00  7.20000000E+01  2.84992843E-01 -2.12013116E-01  4.52493031E-02 -5.65031858E-02  4.48810000E+00  3.55771439E+00  9.30385605E-01  2.29334211E-01
  1.00000000E+00  9.60000000E+01  5.00695291E-01 -2.12013116E-01  4.52493031E-02 -5.65031858E-02  3.40780000E+00  2.40854478E+00  9.99255224E-01  4.61361637E-01
  1.00000000E+00  1.20000000E+02  7.29447145E-01 -2.12013116E-01  4.52493031E-02 -5.65031858E-02  2.58770000E+00  1.63056595E+00  9.57134054E-01  7.51031272E-01
  1.00000000E+00  1.20000000E+02  0.00000000E+00 -2.12013116E-01  4.52493031E-02 -5.65031858E-02  0.00000000E+00  1.63056595E+00  0.00000000E+00  0.00000000E+00
  1.00000000E+00  1.20500000E+02 -2.23064070E-01 -2.12013116E-01  4.52493031E-02 -5.65031858E-02  6.75420000E+00  6.78519028E+00 -3.09902800E-02 -2.07135532E-01
  1.00000000E+00  1.21000000E+02  1.09226266E-01 -2.12013116E-01  4.52493031E-02 -5.65031858E-02  9.95050000E+00  9.52712744E+00  4.23372563E-01  1.21548558E-01
  1.00000000E+00  1.22000000E+02  7.04320676E-02 -2.12013116E-01  4.52493031E-02 -5.65031858E-02  1.20768000E+01  1.16941602E+01  3.82639764E-01  8.17847113E-02
  1.00000000E+00  1.24000000E+02 -8.75877582E-02 -2.12013116E-01  4.52493031E-02 -5.65031858E-02  1.22437000E+01  1.21879776E+01  5.57224179E-02 -7.65172475E-02
  1.00000000E+00  1.28000000E+02 -7.93975861E-02 -2.12013116E-01  4.52493031E-02 -5.65031858E-02  1.16908000E+01  1.14992376E+01  1.91562449E-01 -7.00637613E-02
  1.00000000E+00  1.32000000E+02 -3.36155523E-02 -2.12013116E-01  4.52493031E-02 -5.65031858E-02  1.11724000E+01  1.07759672E+01  3.96432771E-01 -2.63280467E-02
  1.00000000E+00  1.44000000E+02  6.47905495E-02 -2.12013116E-01  4.52493031E-02 -5.65031858E-02  9.67970000E+00  8.86641935E+00  8.13280650E-01  6.52085860E-02
  1.00000000E+00  1.68000000E+02  7.50321322E-02 -2.12013116E-01  4.52493031E-02 -5.65031858E-02  7.05490000E+00  6.00249645E+00  1.05240355E+00  6.60487983E-02
  1.00000000E+00  1.92000000E+02  1.70184510E-01 -2.12013116E-01  4.52493031E-02 -5.65031858E-02  5.26310000E+00  4.06364307E+00  1.19945693E+00  1.72742837E-01
  1.00000000E+00  2.16000000E+02  3.73047704E-01 -2.12013116E-01  4.52493031E-02 -5.65031858E-02  4.00510000E+00  2.75105453E+00  1.25404547E+00  4.24546169E-01
  1.00000000E+00  2.40000000E+02  2.15091045E-01 -2.12013116E-01  4.52493031E-02 -5.65031858E-02  2.90020000E+00  1.86244237E+00  1.03775763E+00  3.66412004E-01
  2.00000000E+00  0.00000000E+00  0.00000000E+00 -1.65859990E-01 -3.42315271E-03 -1.69457499E-01  0.00000000E+00  0.00000000E+00  0.00000000E+00  0.00000000E+00
  2.00000000E+00  5.00000000E-01 -9.10090664E-01 -1.65859990E-01 -3.42315271E-03 -1.69457499E-01  3.79660000E+00  5.16782223E+00 -1.37122223E+00 -8.76090570E-01
  2.00000000E+00  1.00000000E+00 -6.57339456E-01 -1.65859990E-01 -3.42315271E-03 -1.69457499E-01  6.48350000E+00  7.92285045E+00 -1.43935045E+00 -6.29422575E-01
  2.00000000E+00  2.00000000E+00 -1.01966101E-01 -1.65859990E-01 -3.42315271E-03 -1.69457499E-01  9.74970000E+00  1.01157484E+01 -3.66048366E-01 -7.10154383E-02
  2.00000000E+00  4.00000000E+00  5.98437184E-01 -1.65859990E-01 -3.42315271E-03 -1.69457499E-01  1.20416000E+01  1.06600516E+01  1.38154837E+00  6.29134732E-01
  2.00000000E+00  8.00000000E+00  9.61151397E-01 -1.65859990E-01 -3.42315271E-03 -1.69457499E-01  1.22199000E+01  1.00674907E+01  2.15240934E+00  9.86182692E-01
  2.00000000E+00  1.20000000E+01  1.16137509E+00 -1.65859990E-01 -3.42315271E-03 -1.69457499E-01  1.19022000E+01  9.43434517E+00  2.46785483E+00  1.18217011E+00
  2.00000000E+00  2.40000000E+01  1.13443514E+00 -1.65859990E-01 -3.42315271E-03 -1.69457499E-01  9.88540000E+00  7.76253898E+00  2.12286102E+00  1.14084195E+00
  2.00000000E+00  4.80000000E+01  1.66628755E+00 -1.65859990E-01 -3.42315271E-03 -1.69457499E-01  7.51420000E+00  5.25517808E+00  2.25902192E+00  1.63736560E+00
  2.00000000E+00  7.20000000E+01  1.90335354E+00 -1.65859990E-01 -3.42315271E-03 -1.69457499E-01  5.46190000E+00  3.55771439E+00  1.90418561E+00  1.83827014E+00
  2.00000000E+00  9.60000000E+01  2.42146258E+00 -1.65859990E-01 -3.42315271E-03 -1.69457499E-01  4.12210000E+00  2.40854478E+00  1.71355522E+00  2.32868670E+00
  2.00000000E+00  1.20000000E+02  2.66851228E+00 -1.65859990E-01 -3.42315271E-03 -1.69457499E-01  3.00080000E+00  1.63056595E+00  1.37023405E+00  2.56438394E+00
  2.00000000E+00  1.20000000E+02  0.00000000E+00 -1.65859990E-01 -3.42315271E-03 -1.69457499E-01  0.00000000E+00  1.63056595E+00  0.00000000E+00  0.00000000E+00
  2.00000000E+00  1.20500000E+02 -8.63328536E-01 -1.65859990E-01 -3.42315271E-03 -1.69457499E-01  5.49130000E+00  6.78519028E+00 -1.29389028E+00 -8.68304794E-01
  2.00000000E+00  1.21000000E+02 -4.92428707E-01 -1.65859990E-01 -3.42315271E-03 -1.69457499E-01  8.46680000E+00  9.52712744E+00 -1.06032744E+00 -4.89993543E-01
  2.00000000E+00  1.22000000E+02 -4.60881144E-01 -1.65859990E-01 -3.42315271E-03 -1.69457499E-01  1.06290000E+01  1.16941602E+01 -1.06516024E+00 -4.50219385E-01
  2.00000000E+00  1.24000000E+02 -5.56461559E-01 -1.65859990E-01 -3.42315271E-03 -1.69457499E-01  1.09786000E+01  1.21879776E+01 -1.20937758E+00 -5.45573634E-01
  2.00000000E+00  1.28000000E+02 -4.68855853E-01 -1.65859990E-01 -3.42315271E-03 -1.69457499E-01  1.06498000E+01  1.14992376E+01 -8.49437551E-01 -4.63880534E-01
  2.00000000E+00  1.32000000E+02 -5.31900340E-01 -1.65859990E-01 -3.42315271E-03 -1.69457499E-01  9.89630000E+00  1.07759672E+01 -8.79667229E-01 -5.31025309E-01
  2.00000000E+00  1.44000000E+02 -5.53588966E-01 -1.65859990E-01 -3.42315271E-03 -1.69457499E-01  8.26790000E+00  8.86641935E+00 -5.98519350E-01 -5.66156938E-01
  2.00000000E+00  1.68000000E+02 -5.13058494E-01 -1.65859990E-01 -3.42315271E-03 -1.69457499E-01  5.92730000E+00  6.00249645E+00 -7.51964457E-02 -5.56776687E-01
  2.00000000E+00  1.92000000E+02 -8.15360996E-01 -1.65859990E-01 -3.42315271E-03 -1.69457499E-01  3.99100000E+00  4.06364307E+00 -7.26430740E-02 -8.87961375E-01
  2.00000000E+00  2.16000000E+02 -8.47924249E-01 -1.65859990E-01 -3.42315271E-03 -1.69457499E-01  2.87800000E+00  2.75105453E+00  1.26945471E-01 -9.37843437E-01
  2.00000000E+00  2.40000000E+02 -1.05051775E+00 -1.65859990E-01 -3.42315271E-03 -1.69457499E-01  2.02090000E+00  1.86244237E+00  1.58457634E-01 -1.13844273E+00
  3.00000000E+00  0.00000000E+00  0.00000000E+00  9.07207576E-02 -1.22634710E-01  9.07614752E-03  0.00000000E+00  0.00000000E+00  0.00000000E+00  0.00000000E+00
  3.00000000E+00  5.00000000E-01  4.79788475E-01  9.07207576E-02 -1.22634710E-01  9.07614752E-03  6.22590000E+00  5.16782223E+00  1.05807777E+00  4.83943848E-01
  3.00000000E+00  1.00000000E+00  5.91312429E-01  9.07207576E-02 -1.22634710E-01  9.07614752E-03  9.60190000E+00  7.92285045E+00  1.67904955E+00  5.94754200E-01
  3.00000000E+00  2.00000000E+00  7.10845445E-01  9.07207576E-02 -1.22634710E-01  9.07614752E-03  1.23792000E+01  1.01157484E+01  2.26345163E+00  7.13749031E-01
  3.00000000E+00  4.00000000E+00  7.02343580E-01  9.07207576E-02 -1.22634710E-01  9.07614752E-03  1.29358000E+01  1.06600516E+01  2.27574837E+00  7.06067620E-01
  3.00000000E+00  8.00000000E+00  7.23685255E-01  9.07207576E-02 -1.22634710E-01  9.07614752E-03  1.21801000E+01  1.00674907E+01  2.11260934E+00  7.28461103E-01
  3.00000000E+00  1.20000000E+01  7.63271185E-01  9.07207576E-02 -1.22634710E-01  9.07614752E-03  1.14161000E+01  9.43434517E+00  1.98175483E+00  7.68252259E-01
  3.00000000E+00  2.40000000E+01  8.37457204E-01  9.07207576E-02 -1.22634710E-01  9.07614752E-03  9.29770000E+00  7.76253898E+00  1.53516102E+00  8.40407713E-01
  3.00000000E+00  4.80000000E+01  1.13252121E+00  9.07207576E-02 -1.22634710E-01  9.07614752E-03  6.26740000E+00  5.25517808E+00  1.01222192E+00  1.13194940E+00
  3.00000000E+00  7.20000000E+01  1.44328995E+00  9.07207576E-02 -1.22634710E-01  9.07614752E-03  4.20780000E+00  3.55771439E+00  6.50085605E-01  1.45840943E+00
  3.00000000E+00  9.60000000E+01  1.70004560E+00  9.07207576E-02 -1.22634710E-01  9.07614752E-03  2.79510000E+00  2.40854478E+00  3.86555224E-01  1.76235083E+00
  3.00000000E+00  1.20000000E+02  2.05947299E+00  9.07207576E-02 -1.22634710E-01  9.07614752E-03  1.89750000E+00  1.63056595E+00  2.66934054E-01  2.20381965E+00
  3.00000000E+00  1.20000000E+02  0.00000000E+00  9.07207576E-02 -1.22634710E-01  9.07614752E-03  0.00000000E+00  1.63056595E+00  0.00000000E+00  0.00000000E+00
  3.00000000E+00  1.20500000E+02 -5.17887866E-01  9.07207576E-02 -1.22634710E-01  9.07614752E-03  6.17970000E+00  6.78519028E+00 -6.05490280E-01 -4.85777920E-01
  3.00000000E+00  1.21000000E+02 -1.71919060E-01  9.07207576E-02 -1.22634710E-01  9.07614752E-03  9.50370000E+00  9.52712744E+00 -2.34274370E-02 -1.51427513E-01
  3.00000000E+00  1.22000000E+02  2.54006055E-01  9.07207576E-02 -1.22634710E-01  9.07614752E-03  1.27271000E+01  1.16941602E+01  1.03293976E+00  2.69224756E-01
  3.00000000E+00  1.24000000E+02  3.20462574E-01  9.07207576E-02 -1.22634710E-01  9.07614752E-03  1.33824000E+01  1.21879776E+01  1.19442242E+00  3.35839077E-01
  3.00000000E+00  1.28000000E+02  1.33360145E-01  9.07207576E-02 -1.22634710E-01  9.07614752E-03  1.20801000E+01  1.14992376E+01  5.80862449E-01  1.51613847E-01
  3.00000000E+00  1.32000000E+02 -3.81931951E-02  9.07207576E-02 -1.22634710E-01  9.07614752E-03  1.08402000E+01  1.07759672E+01  6.42327714E-02 -1.75743348E-02
  3.00000000E+00  1.44000000E+02 -4.56402075E-01  9.07207576E-02 -1.22634710E-01  9.07614752E-03  7.88630000E+00  8.86641935E+00 -9.80119350E-01 -4.30555281E-01
  3.00000000E+00  1.68000000E+02 -1.20982303E+00  9.07207576E-02 -1.22634710E-01  9.07614752E-03  3.97850000E+00  6.00249645E+00 -2.02399645E+00 -1.17059744E+00
  3.00000000E+00  1.92000000E+02 -1.71593876E+00  9.07207576E-02 -1.22634710E-01  9.07614752E-03  1.95370000E+00  4.06364307E+00 -2.10994307E+00 -1.64258293E+00
  3.00000000E+00  2.16000000E+02 -1.91183623E+00  9.07207576E-02 -1.22634710E-01  9.07614752E-03  1.00070000E+00  2.75105453E+00 -1.75035453E+00 -1.77266096E+00
  3.00000000E+00  2.40000000E+02 -2.00601481E+00  9.07207576E-02 -1.22634710E-01  9.07614752E-03  5.06700000E-01  1.86244237E+00 -1.35574237E+00 -1.76686782E+00
  4.00000000E+00  0.00000000E+00  0.00000000E+00  4.49421099E-01  3.41973026E-03 -1.15287317E-01  0.00000000E+00  0.00000000E+00  0.00000000E+00  0.00000000E+00
  4.00000000E+00  5.00000000E-01  1.10249266E-01  4.49421099E-01  3.41973026E-03 -1.15287317E-01  4.95160000E+00  5.16782223E+00 -2.16222226E-01  1.08911503E-01
  4.00000000E+00  1.00000000E+00  1.76882761E-01  4.49421099E-01  3.41973026E-03 -1.15287317E-01  7.85620000E+00  7.92285045E+00 -6.66504517E-02  1.74637583E-01
  4.00000000E+00  2.00000000E+00  4.70466615E-01  4.49421099E-01  3.41973026E-03 -1.15287317E-01  1.08255000E+01  1.01157484E+01  7.09751634E-01  4.72794217E-01
  4.00000000E+00  4.00000000E+00  5.33968039E-01  4.49421099E-01  3.41973026E-03 -1.15287317E-01  1.15848000E+01  1.06600516E+01  9.24748374E-01  5.39081411E-01
  4.00000000E+00  8.00000000E+00  4.54514662E-01  4.49421099E-01  3.41973026E-03 -1.15287317E-01  1.05918000E+01  1.00674907E+01  5.24309342E-01  4.55690194E-01
  4.00000000E+00  1.20000000E+01  3.60888528E-01  4.49421099E-01  3.41973026E-03 -1.15287317E-01  9.53940000E+00  9.43434517E+00  1.05054829E-01  3.55871713E-01
  4.00000000E+00  2.40000000E+01  3.46728702E-01  4.49421099E-01  3.41973026E-03 -1.15287317E-01  7.30110000E+00  7.76253898E+00 -4.61438977E-01  3.18941606E-01
  4.00000000E+00  4.80000000E+01  8.38741758E-02  4.49421099E-01  3.41973026E-03 -1.15287317E-01  3.90220000E+00  5.25517808E+00 -1.35297808E+00  3.24608432E-02
  4.00000000E+00  7.20000000E+01  4.40819510E-02  4.49421099E-01  3.41973026E-03 -1.15287317E-01  2.13090000E+00  3.55771439E+00 -1.42681439E+00  4.68080732E-02
  4.00000000E+00  9.60000000E+01  1.23243804E-01  4.49421099E-01  3.41973026E-03 -1.15287317E-01  1.19930000E+00  2.40854478E+00 -1.20924478E+00  2.78744777E-01
  4.00000000E+00  1.20000000E+02  1.36958034E-01  4.49421099E-01  3.41973026E-03 -1.15287317E-01  6.57500000E-01  1.63056595E+00 -9.73065946E-01  5.40722729E-01
  4.00000000E+00  1.20000000E+02  0.00000000E+00  4.49421099E-01  3.41973026E-03 -1.15287317E-01  0.00000000E+00  1.63056595E+00  0.00000000E+00  0.00000000E+00
  4.00000000E+00  1.20500000E+02 -1.69648410E+00  4.49421099E-01  3.41973026E-03 -1.15287317E-01  3.15260000E+00  6.78519028E+00 -3.63259028E+00 -1.60497130E+00
  4.00000000E+00  1.21000000E+02 -1.44135947E+00  4.49421099E-01  3.41973026E-03 -1.15287317E-01  5.45080000E+00  9.52712744E+00 -4.07632744E+00 -1.38570109E+00
  4.00000000E+00  1.22000000E+02 -1.03530041E+00  4.49421099E-01  3.41973026E-03 -1.15287317E-01  8.06210000E+00  1.16941602E+01 -3.63206024E+00 -9.92236655E-01
  4.00000000E+00  1.24000000E+02 -5.56013634E-01  4.49421099E-01  3.41973026E-03 -1.15287317E-01  9.72370000E+00  1.21879776E+01 -2.46427758E+00 -5.12725030E-01
  4.00000000E+00  1.28000000E+02 -5.33370099E-01  4.49421099E-01  3.41973026E-03 -1.15287317E-01  9.03820000E+00  1.14992376E+01 -2.46103755E+00 -4.86357576E-01
  4.00000000E+00  1.32000000E+02 -5.16948047E-01  4.49421099E-01  3.41973026E-03 -1.15287317E-01  8.29340000E+00  1.07759672E+01 -2.48256723E+00 -4.67206675E-01
  4.00000000E+00  1.44000000E+02 -7.23676881E-01  4.49421099E-01  3.41973026E-03 -1.15287317E-01  5.87040000E+00  8.86641935E+00 -2.99601935E+00 -6.68677315E-01
  4.00000000E+00  1.68000000E+02 -8.83496966E-01  4.49421099E-01  3.41973026E-03 -1.15287317E-01  2.96470000E+00  6.00249645E+00 -3.03779645E+00 -7.94946763E-01
  4.00000000E+00  1.92000000E+02 -9.11642210E-01  4.49421099E-01  3.41973026E-03 -1.15287317E-01  1.46300000E+00  4.06364307E+00 -2.60064307E+00 -7.15713511E-01
  4.00000000E+00  2.16000000E+02 -7.98136491E-01  4.49421099E-01  3.41973026E-03 -1.15287317E-01  7.49600000E-01  2.75105453E+00 -2.00145453E+00 -4.03278153E-01
  4.00000000E+00  2.40000000E+02 -7.08968618E-01  4.49421099E-01  3.41973026E-03 -1.15287317E-01  3.70600000E-01  1.86244237E+00 -1.49184237E+00 -2.76716540E-02
  5.00000000E+00  0.00000000E+00  0.00000000E+00  4.95891451E-01 -1.43129981E-01  6.28006042E-02  0.00000000E+00  0.00000000E+00  0.00000000E+00  0.00000000E+00
  5.00000000E+00  5.00000000E-01 -5.03683619E-01  4.95891451E-01 -1.43129981E-01  6.28006042E-02  5.37310000E+00  5.16782223E+00  2.05277774E-01 -4.11272220E-01
  5.00000000E+00  1.00000000E+00 -3.17024494E-01  4.95891451E-01 -1.43129981E-01  6.28006042E-02  8.28070000E+00  7.92285045E+00  3.57849548E-01 -2.32352102E-01
  5.00000000E+00  2.00000000E+00 -3.74468742E-03  4.95891451E-01 -1.43129981E-01  6.28006042E-02  1.09490000E+01  1.01157484E+01  8.33251634E-01  8.14786607E-02
  5.00000000E+00  4.00000000E+00  1.05941892E-01  4.95891451E-01 -1.43129981E-01  6.28006042E-02  1.15664000E+01  1.06600516E+01  9.06348374E-01  1.96479454E-01
  5.00000000E+00  8.00000000E+00 -2.38238341E-01  4.95891451E-01 -1.43129981E-01  6.28006042E-02  9.96340000E+00  1.00674907E+01 -1.04090658E-01 -1.57853116E-01
  5.00000000E+00  1.20000000E+01 -4.70203832E-01  4.95891451E-01 -1.43129981E-01  6.28006042E-02  8.64590000E+00  9.43434517E+00 -7.88445171E-01 -4.13529488E-01
  5.00000000E+00  2.40000000E+01 -8.85485825E-01  4.95891451E-01 -1.43129981E-01  6.28006042E-02  5.75680000E+00  7.76253898E+00 -2.00573898E+00 -9.41730995E-01
  5.00000000E+00  4.80000000E+01 -1.23903714E+00  4.95891451E-01 -1.43129981E-01  6.28006042E-02  2.44650000E+00  5.25517808E+00 -2.80867808E+00 -1.53776346E+00
  5.00000000E+00  7.20000000E+01 -1.17714916E+00  4.95891451E-01 -1.43129981E-01  6.28006042E-02  1.02490000E+00  3.55771439E+00 -2.53281439E+00 -1.54753576E+00
  5.00000000E+00  9.60000000E+01 -9.26754851E-01  4.95891451E-01 -1.43129981E-01  6.28006042E-02  4.47000000E-01  2.40854478E+00 -1.96154478E+00 -1.12246765E+00
  5.00000000E+00  1.20000000E+02 -6.88013433E-01  4.95891451E-01 -1.43129981E-01  6.28006042E-02  1.94500000E-01  1.63056595E+00 -1.43606595E+00 -4.81255697E-01
  5.00000000E+00  1.20000000E+02  0.00000000E+00  4.95891451E-01 -1.43129981E-01  6.28006042E-02  0.00000000E+00  1.63056595E+00  0.00000000E+00  0.00000000E+00
  5.00000000E+00  1.20500000E+02  1.28453181E+00  4.95891451E-01 -1.43129981E-01  6.28006042E-02  8.31300000E+00  6.78519028E+00  1.52780972E+00  1.30594013E+00
  5.00000000E+00  1.21000000E+02  1.46004091E+00  4.95891451E-01 -1.43129981E-01  6.28006042E-02  1.23485000E+01  9.52712744E+00  2.82137256E+00  1.46919387E+00
  5.00000000E+00  1.22000000E+02  1.26460809E+00  4.95891451E-01 -1.43129981E-01  6.28006042E-02  1.47079000E+01  1.16941602E+01  3.01373976E+00  1.27632096E+00
  5.00000000E+00  1.24000000E+02  1.08294638E+00  4.95891451E-01 -1.43129981E-01  6.28006042E-02  1.47346000E+01  1.21879776E+01  2.54662242E+00  1.10501094E+00
  5.00000000E+00  1.28000000E+02  7.47134101E-01  4.95891451E-01 -1.43129981E-01  6.28006042E-02  1.28607000E+01  1.14992376E+01  1.36146245E+00  7.72421824E-01
  5.00000000E+00  1.32000000E+02  4.75528083E-01  4.95891451E-01 -1.43129981E-01  6.28006042E-02  1.11975000E+01  1.07759672E+01  4.21532771E-01  4.92218958E-01
  5.00000000E+00  1.44000000E+02 -2.48171768E-01  4.95891451E-01 -1.43129981E-01  6.28006042E-02  7.15420000E+00  8.86641935E+00 -1.71221935E+00 -2.94342410E-01
  5.00000000E+00  1.68000000E+02 -7.89823411E-01  4.95891451E-01 -1.43129981E-01  6.28006042E-02  3.04830000E+00  6.00249645E+00 -2.95419645E+00 -9.72891289E-01
  5.00000000E+00  1.92000000E+02 -8.61237457E-01  4.95891451E-01 -1.43129981E-01  6.28006042E-02  1.28680000E+00  4.06364307E+00 -2.77684307E+00 -1.01938800E+00
  5.00000000E+00  2.16000000E+02 -7.42364571E-01  4.95891451E-01 -1.43129981E-01  6.28006042E-02  5.42900000E-01  2.75105453E+00 -2.20815453E+00 -6.44637727E-01
  5.00000000E+00  2.40000000E+02 -5.89944830E-01  4.95891451E-01 -1.43129981E-01  6.28006042E-02  2.24800000E-01  1.86244237E+00 -1.63764237E+00 -2.40226932E-02
  6.00000000E+00  0.00000000E+00  0.00000000E+00  2.44598243E-01 -3.62438704E-02 -5.21099777E-02  0.00000000E+00  0.00000000E+00  0.00000000E+00  0.00000000E+00
  6.00000000E+00  5.00000000E-01 -2.24478425E+00  2.44598243E-01 -3.62438704E-02 -5.21099777E-02  2.72090000E+00  5.16782223E+00 -2.44692223E+00 -2.23446688E+00
  6.00000000E+00  1.00000000E+00 -1.89319048E+00  2.44598243E-01 -3.62438704E-02 -5.21099777E-02  4.79220000E+00  7.92285045E+00 -3.13065045E+00 -1.88023337E+00
  6.00000000E+00  2.00000000E+00 -1.06206732E+00  2.44598243E-01 -3.62438704E-02 -5.21099777E-02  7.92400000E+00  1.01157484E+01 -2.19174837E+00 -1.04675114E+00
  6.00000000E+00  4.00000000E+00 -1.14228781E-01  2.44598243E-01 -3.62438704E-02 -5.21099777E-02  1.04834000E+01  1.06600516E+01 -1.76651626E-01 -9.78954386E-02
  6.00000000E+00  8.00000000E+00  4.08967898E-01  2.44598243E-01 -3.62438704E-02 -5.21099777E-02  1.09524000E+01  1.00674907E+01  8.84909342E-01  4.25523684E-01
  6.00000000E+00  1.20000000E+01  3.04728290E-01  2.44598243E-01 -3.62438704E-02 -5.21099777E-02  9.98190000E+00  9.43434517E+00  5.47554829E-01  3.20174928E-01
  6.00000000E+00  2.40000000E+01 -1.10335493E-01  2.44598243E-01 -3.62438704E-02 -5.21099777E-02  7.31370000E+00  7.76253898E+00 -4.48838977E-01 -1.06126994E-01
  6.00000000E+00  4.80000000E+01 -7.19865037E-01  2.44598243E-01 -3.62438704E-02 -5.21099777E-02  3.89390000E+00  5.25517808E+00 -1.36127808E+00 -7.55044637E-01
  6.00000000E+00  7.20000000E+01 -1.10546101E+00  2.44598243E-01 -3.62438704E-02 -5.21099777E-02  2.04110000E+00  3.55771439E+00 -1.51661439E+00 -1.17048512E+00
  6.00000000E+00  9.60000000E+01 -1.22412813E+00  2.44598243E-01 -3.62438704E-02 -5.21099777E-02  1.10390000E+00  2.40854478E+00 -1.30464478E+00 -1.28197066E+00
  6.00000000E+00  1.20000000E+02 -1.29419664E+00  2.44598243E-01 -3.62438704E-02 -5.21099777E-02  5.79300000E-01  1.63056595E+00 -1.05126595E+00 -1.29327408E+00
  6.00000000E+00  1.20000000E+02  0.00000000E+00  2.44598243E-01 -3.62438704E-02 -5.21099777E-02  0.00000000E+00  1.63056595E+00  0.00000000E+00  0.00000000E+00
  6.00000000E+00  1.20500000E+02  2.29588484E+00  2.44598243E-01 -3.62438704E-02 -5.21099777E-02  9.68080000E+00  6.78519028E+00  2.89560972E+00  2.28314563E+00
  6.00000000E+00  1.21000000E+02  1.69448551E+00  2.44598243E-01 -3.62438704E-02 -5.21099777E-02  1.26246000E+01  9.52712744E+00  3.09747256E+00  1.68551130E+00
  6.00000000E+00  1.22000000E+02  8.52707939E-01  2.44598243E-01 -3.62438704E-02 -5.21099777E-02  1.35442000E+01  1.16941602E+01  1.85003976E+00  8.47226648E-01
  6.00000000E+00  1.24000000E+02  3.20270109E-01  2.44598243E-01 -3.62438704E-02 -5.21099777E-02  1.27543000E+01  1.21879776E+01  5.66322418E-01  3.16285086E-01
  6.00000000E+00  1.28000000E+02  2.50166845E-01  2.44598243E-01 -3.62438704E-02 -5.21099777E-02  1.17862000E+01  1.14992376E+01  2.86962449E-01  2.47126157E-01
  6.00000000E+00  1.32000000E+02  1.56336701E-01  2.44598243E-01 -3.62438704E-02 -5.21099777E-02  1.07451000E+01  1.07759672E+01 -3.08672286E-02  1.53237919E-01
  6.00000000E+00  1.44000000E+02 -3.61222920E-02  2.44598243E-01 -3.62438704E-02 -5.21099777E-02  8.23120000E+00  8.86641935E+00 -6.35219350E-01 -4.55837341E-02
  6.00000000E+00  1.68000000E+02 -2.70340290E-01  2.44598243E-01 -3.62438704E-02 -5.21099777E-02  4.84770000E+00  6.00249645E+00 -1.15479645E+00 -3.03326171E-01
  6.00000000E+00  1.92000000E+02 -3.45890235E-01  2.44598243E-01 -3.62438704E-02 -5.21099777E-02  2.87620000E+00  4.06364307E+00 -1.18744307E+00 -3.87469902E-01
  6.00000000E+00  2.16000000E+02 -4.09652531E-01  2.44598243E-01 -3.62438704E-02 -5.21099777E-02  1.66690000E+00  2.75105453E+00 -1.08415453E+00 -4.19950023E-01
  6.00000000E+00  2.40000000E+02 -3.74503688E-01  2.44598243E-01 -3.62438704E-02 -5.21099777E-02  9.81500000E-01  1.86244237E+00 -8.80942366E-01 -3.00900873E-01
  7.00000000E+00  0.00000000E+00  0.00000000E+00  1.20909050E-01 -5.70218440E-02  1.75754859E-02  0.00000000E+00  0.00000000E+00  0.00000000E+00  0.00000000E+00
  7.00000000E+00  5.00000000E-01  7.62742501E-01  1.20909050E-01 -5.70218440E-02  1.75754859E-02  6.26310000E+00  5.16782223E+00  1.09527777E+00  7.64335730E-01
  7.00000000E+00  1.00000000E+00  8.51111621E-01  1.20909050E-01 -5.70218440E-02  1.75754859E-02  9.67250000E+00  7.92285045E+00  1.74964955E+00  8.51938687E-01
  7.00000000E+00  2.00000000E+00  9.35428433E-01  1.20909050E-01 -5.70218440E-02  1.75754859E-02  1.24469000E+01  1.01157484E+01  2.33115163E+00  9.36448481E-01
  7.00000000E+00  4.00000000E+00  1.04987545E+00  1.20909050E-01 -5.70218440E-02  1.75754859E-02  1.33044000E+01  1.06600516E+01  2.64434837E+00  1.05089153E+00
  7.00000000E+00  8.00000000E+00  7.37416014E-01  1.20909050E-01 -5.70218440E-02  1.75754859E-02  1.18085000E+01  1.00674907E+01  1.74100934E+00  7.36647931E-01
  7.00000000E+00  1.20000000E+01  7.40618991E-01  1.20909050E-01 -5.70218440E-02  1.75754859E-02  1.09890000E+01  9.43434517E+00  1.55465483E+00  7.37689587E-01
  7.00000000E+00  2.40000000E+01  6.39840013E-01  1.20909050E-01 -5.70218440E-02  1.75754859E-02  8.65640000E+00  7.76253898E+00  8.93861023E-01  6.30213887E-01
  7.00000000E+00  4.80000000E+01  2.90383279E-01  1.20909050E-01 -5.70218440E-02  1.75754859E-02  5.14630000E+00  5.25517808E+00 -1.08878080E-01  2.72156333E-01
  7.00000000E+00  7.20000000E+01  1.54899214E-01  1.20909050E-01 -5.70218440E-02  1.75754859E-02  3.15410000E+00  3.55771439E+00 -4.03614395E-01  1.42119665E-01
  7.00000000E+00  9.60000000E+01 -9.58033861E-02  1.20909050E-01 -5.70218440E-02  1.75754859E-02  1.85680000E+00  2.40854478E+00 -5.51744776E-01 -8.46821157E-02
  7.00000000E+00  1.20000000E+02 -2.13854845E-01  1.20909050E-01 -5.70218440E-02  1.75754859E-02  1.12010000E+00  1.63056595E+00 -5.10465946E-01 -1.59361253E-01
  7.00000000E+00  1.20000000E+02  0.00000000E+00  1.20909050E-01 -5.70218440E-02  1.75754859E-02  0.00000000E+00  1.63056595E+00  0.00000000E+00  0.00000000E+00
  7.00000000E+00  1.20500000E+02 -7.81545491E-01  1.20909050E-01 -5.70218440E-02  1.75754859E-02  5.51440000E+00  6.78519028E+00 -1.27079028E+00 -7.63586585E-01
  7.00000000E+00  1.21000000E+02 -6.52454808E-01  1.20909050E-01 -5.70218440E-02  1.75754859E-02  8.14860000E+00  9.52712744E+00 -1.37852744E+00 -6.40210337E-01
  7.00000000E+00  1.22000000E+02 -5.43483242E-01  1.20909050E-01 -5.70218440E-02  1.75754859E-02  1.03138000E+01  1.16941602E+01 -1.38036024E+00 -5.33557680E-01
  7.00000000E+00  1.24000000E+02 -6.08753335E-01  1.20909050E-01 -5.70218440E-02  1.75754859E-02  1.05413000E+01  1.21879776E+01 -1.64667758E+00 -5.99007925E-01
  7.00000000E+00  1.28000000E+02 -6.25928605E-01  1.20909050E-01 -5.70218440E-02  1.75754859E-02  9.80680000E+00  1.14992376E+01 -1.69243755E+00 -6.16339559E-01
  7.00000000E+00  1.32000000E+02 -6.15860024E-01  1.20909050E-01 -5.70218440E-02  1.75754859E-02  9.11880000E+00  1.07759672E+01 -1.65716723E+00 -6.06622882E-01
  7.00000000E+00  1.44000000E+02 -5.12284116E-01  1.20909050E-01 -5.70218440E-02  1.75754859E-02  7.45000000E+00  8.86641935E+00 -1.41641935E+00 -5.04038931E-01
  7.00000000E+00  1.68000000E+02 -2.83830184E-01  1.20909050E-01 -5.70218440E-02  1.75754859E-02  4.96870000E+00  6.00249645E+00 -1.03379645E+00 -2.72094928E-01
  7.00000000E+00  1.92000000E+02 -3.16801707E-02  1.20909050E-01 -5.70218440E-02  1.75754859E-02  3.32480000E+00  4.06364307E+00 -7.38843074E-01 -2.28241558E-03
  7.00000000E+00  2.16000000E+02  1.75659606E-01  1.20909050E-01 -5.70218440E-02  1.75754859E-02  2.20300000E+00  2.75105453E+00 -5.48054529E-01  2.40692012E-01
  7.00000000E+00  2.40000000E+02  2.36354925E-01  1.20909050E-01 -5.70218440E-02  1.75754859E-02  1.40790000E+00  1.86244237E+00 -4.54542366E-01  3.55671406E-01
  8.00000000E+00  0.00000000E+00  0.00000000E+00  1.84775368E-01  6.77381495E-02 -1.19452859E-02  0.00000000E+00  0.00000000E+00  0.00000000E+00  0.00000000E+00
  8.00000000E+00  5.00000000E-01  1.32000964E+00  1.84775368E-01  6.77381495E-02 -1.19452859E-02  6.30170000E+00  5.16782223E+00  1.13387777E+00  1.32732339E+00
  8.00000000E+00  1.00000000E+00  5.75009931E-01  1.84775368E-01  6.77381495E-02 -1.19452859E-02  8.47380000E+00  7.92285045E+00  5.50949548E-01  5.81381543E-01
  8.00000000E+00  2.00000000E+00 -3.32977649E-02  1.84775368E-01  6.77381495E-02 -1.19452859E-02  9.57740000E+00  1.01157484E+01 -5.38348366E-01 -2.80160263E-02
  8.00000000E+00  4.00000000E+00 -3.95467892E-01  1.84775368E-01  6.77381495E-02 -1.19452859E-02  9.27250000E+00  1.06600516E+01 -1.38755163E+00 -3.91056637E-01
  8.00000000E+00  8.00000000E+00 -2.60487272E-01  1.84775368E-01  6.77381495E-02 -1.19452859E-02  8.95520000E+00  1.00674907E+01 -1.11229066E+00 -2.57559091E-01
  8.00000000E+00  1.20000000E+01 -1.95018749E-01  1.84775368E-01  6.77381495E-02 -1.19452859E-02  8.43030000E+00  9.43434517E+00 -1.00404517E+00 -1.93467534E-01
  8.00000000E+00  2.40000000E+01  6.30105109E-02  1.84775368E-01  6.77381495E-02 -1.19452859E-02  7.13070000E+00  7.76253898E+00 -6.31838977E-01  6.17872809E-02
  8.00000000E+00  4.80000000E+01  5.68443277E-01  1.84775368E-01  6.77381495E-02 -1.19452859E-02  5.08620000E+00  5.25517808E+00 -1.68978080E-01  5.68980781E-01
  8.00000000E+00  7.20000000E+01  9.35526351E-01  1.84775368E-01  6.77381495E-02 -1.19452859E-02  3.53240000E+00  3.55771439E+00 -2.53143946E-02  9.48217817E-01
  8.00000000E+00  9.60000000E+01  1.33628547E+00  1.84775368E-01  6.77381495E-02 -1.19452859E-02  2.48550000E+00  2.40854478E+00  7.69552237E-02  1.37047807E+00
  8.00000000E+00  1.20000000E+02  1.72804177E+00  1.84775368E-01  6.77381495E-02 -1.19452859E-02  1.75410000E+00  1.63056595E+00  1.23534054E-01  1.79123381E+00
  8.00000000E+00  1.20000000E+02  0.00000000E+00  1.84775368E-01  6.77381495E-02 -1.19452859E-02  0.00000000E+00  1.63056595E+00  0.00000000E+00  0.00000000E+00
  8.00000000E+00  1.20500000E+02 -1.54352235E+00  1.84775368E-01  6.77381495E-02 -1.19452859E-02  3.80150000E+00  6.78519028E+00 -2.98369028E+00 -1.51596462E+00
  8.00000000E+00  1.21000000E+02 -1.24265284E+00  1.84775368E-01  6.77381495E-02 -1.19452859E-02  6.17820000E+00  9.52712744E+00 -3.34892744E+00 -1.22157258E+00
  8.00000000E+00  1.22000000E+02 -8.62230384E-01  1.84775368E-01  6.77381495E-02 -1.19452859E-02  8.68880000E+00  1.16941602E+01 -3.00536024E+00 -8.45040162E-01
  8.00000000E+00  1.24000000E+02 -6.68020148E-01  1.84775368E-01  6.77381495E-02 -1.19452859E-02  9.58040000E+00  1.21879776E+01 -2.60757758E+00 -6.52000619E-01
  8.00000000E+00  1.28000000E+02 -5.33222294E-01  1.84775368E-01  6.77381495E-02 -1.19452859E-02  9.26720000E+00  1.14992376E+01 -2.23203755E+00 -5.17323366E-01
  8.00000000E+00  1.32000000E+02 -5.47573780E-01  1.84775368E-01  6.77381495E-02 -1.19452859E-02  8.54640000E+00  1.07759672E+01 -2.22956723E+00 -5.31581237E-01
  8.00000000E+00  1.44000000E+02 -5.62997020E-01  1.84775368E-01  6.77381495E-02 -1.19452859E-02  6.74110000E+00  8.86641935E+00 -2.12531935E+00 -5.45442280E-01
  8.00000000E+00  1.68000000E+02 -6.38918096E-01  1.84775368E-01  6.77381495E-02 -1.19452859E-02  4.12020000E+00  6.00249645E+00 -1.88229645E+00 -6.11552387E-01
  8.00000000E+00  1.92000000E+02 -6.37528543E-01  1.84775368E-01  6.77381495E-02 -1.19452859E-02  2.57670000E+00  4.06364307E+00 -1.48694307E+00 -5.91097467E-01
  8.00000000E+00  2.16000000E+02 -7.10620017E-01  1.84775368E-01  6.77381495E-02 -1.19452859E-02  1.57650000E+00  2.75105453E+00 -1.17455453E+00 -6.37025278E-01
  8.00000000E+00  2.40000000E+02 -7.39263675E-01  1.84775368E-01  6.77381495E-02 -1.19452859E-02  9.84200000E-01  1.86244237E+00 -8.78242366E-01 -6.32181015E-01
  9.00000000E+00  0.00000000E+00  0.00000000E+00 -9.64839852E-02  1.45288992E-02 -1.51435061E-01  0.00000000E+00  0.00000000E+00  0.00000000E+00  0.00000000E+00
  9.00000000E+00  5.00000000E-01  1.12007711E+00 -9.64839852E-02  1.45288992E-02 -1.51435061E-01  5.96460000E+00  5.16782223E+00  7.96777774E-01  1.14710493E+00
  9.00000000E+00  1.00000000E+00  9.57870605E-01 -9.64839852E-02  1.45288992E-02 -1.51435061E-01  9.10210000E+00  7.92285045E+00  1.17924955E+00  9.77309979E-01
  9.00000000E+00  2.00000000E+00  6.59873360E-01 -9.64839852E-02  1.45288992E-02 -1.51435061E-01  1.12603000E+01  1.01157484E+01  1.14455163E+00  6.80236795E-01
  9.00000000E+00  4.00000000E+00  7.13277364E-01 -9.64839852E-02  1.45288992E-02 -1.51435061E-01  1.21637000E+01  1.06600516E+01  1.50364837E+00  7.36065846E-01
  9.00000000E+00  8.00000000E+00  6.31775650E-01 -9.64839852E-02  1.45288992E-02 -1.51435061E-01  1.13488000E+01  1.00674907E+01  1.28130934E+00  6.53567260E-01
  9.00000000E+00  1.20000000E+01  8.34437138E-01 -9.64839852E-02  1.45288992E-02 -1.51435061E-01  1.10486000E+01  9.43434517E+00  1.61425483E+00  8.54643406E-01
  9.00000000E+00  2.40000000E+01  9.58957399E-01 -9.64839852E-02  1.45288992E-02 -1.51435061E-01  9.32430000E+00  7.76253898E+00  1.56176102E+00  9.72221739E-01
  9.00000000E+00  4.80000000E+01  1.49012364E+00 -9.64839852E-02  1.45288992E-02 -1.51435061E-01  6.98080000E+00  5.25517808E+00  1.72562192E+00  1.48112128E+00
  9.00000000E+00  7.20000000E+01  1.87199739E+00 -9.64839852E-02  1.45288992E-02 -1.51435061E-01  5.10540000E+00  3.55771439E+00  1.54768561E+00  1.83493439E+00
  9.00000000E+00  9.60000000E+01  2.33451355E+00 -9.64839852E-02  1.45288992E-02 -1.51435061E-01  3.78220000E+00  2.40854478E+00  1.37365522E+00  2.27058981E+00
  9.00000000E+00  1.20000000E+02  2.77537317E+00 -9.64839852E-02  1.45288992E-02 -1.51435061E-01  2.79050000E+00  1.63056595E+00  1.15993405E+00  2.69188016E+00
  9.00000000E+00  1.20000000E+02  0.00000000E+00 -9.64839852E-02  1.45288992E-02 -1.51435061E-01  0.00000000E+00  1.63056595E+00  0.00000000E+00  0.00000000E+00
  9.00000000E+00  1.20500000E+02 -2.85485154E+00 -9.64839852E-02  1.45288992E-02 -1.51435061E-01  2.30910000E+00  6.78519028E+00 -4.47609028E+00 -2.86263073E+00
  9.00000000E+00  1.21000000E+02 -2.43912985E+00 -9.64839852E-02  1.45288992E-02 -1.51435061E-01  4.19110000E+00  9.52712744E+00 -5.33602744E+00 -2.44259498E+00
  9.00000000E+00  1.22000000E+02 -1.84093767E+00 -9.64839852E-02  1.45288992E-02 -1.51435061E-01  6.84960000E+00  1.16941602E+01 -4.84456024E+00 -1.83864701E+00
  9.00000000E+00  1.24000000E+02 -9.80879564E-01 -9.64839852E-02  1.45288992E-02 -1.51435061E-01  9.52070000E+00  1.21879776E+01 -2.66727758E+00 -9.76147990E-01
  9.00000000E+00  1.28000000E+02 -2.80996751E-01 -9.64839852E-02  1.45288992E-02 -1.51435061E-01  1.07234000E+01  1.14992376E+01 -7.75837551E-01 -2.78408956E-01
  9.00000000E+00  1.32000000E+02 -2.79314059E-01 -9.64839852E-02  1.45288992E-02 -1.51435061E-01  1.00618000E+01  1.07759672E+01 -7.14167229E-01 -2.78989771E-01
  9.00000000E+00  1.44000000E+02 -1.42003410E-01 -9.64839852E-02  1.45288992E-02 -1.51435061E-01  8.57100000E+00  8.86641935E+00 -2.95419350E-01 -1.50267069E-01
  9.00000000E+00  1.68000000E+02 -2.89467713E-01 -9.64839852E-02  1.45288992E-02 -1.51435061E-01  5.70610000E+00  6.00249645E+00 -2.96396446E-01 -3.21708588E-01
  9.00000000E+00  1.92000000E+02 -3.38984918E-01 -9.64839852E-02  1.45288992E-02 -1.51435061E-01  3.93110000E+00  4.06364307E+00 -1.32543074E-01 -3.98710671E-01
  9.00000000E+00  2.16000000E+02 -5.38382827E-01 -9.64839852E-02  1.45288992E-02 -1.51435061E-01  2.65450000E+00  2.75105453E+00 -9.65545290E-02 -6.22016372E-01
  9.00000000E+00  2.40000000E+02 -6.37402502E-01 -9.64839852E-02  1.45288992E-02 -1.51435061E-01  1.85320000E+00  1.86244237E+00 -9.24236613E-03 -7.35360284E-01
  1.00000000E+01  0.00000000E+00  0.00000000E+00  3.57155445E-01  5.14241640E-02 -8.47289451E-02  0.00000000E+00  0.00000000E+00  0.00000000E+00  0.00000000E+00
  1.00000000E+01  5.00000000E-01  2.00497913E+00  3.57155445E-01  5.14241640E-02 -8.47289451E-02  6.89460000E+00  5.16782223E+00  1.72677777E+00  2.01141524E+00
  1.00000000E+01  1.00000000E+00  1.57764255E+00  3.57155445E-01  5.14241640E-02 -8.47289451E-02  1.00045000E+01  7.92285045E+00  2.08164955E+00  1.57860926E+00
  1.00000000E+01  2.00000000E+00  1.12461904E+00  3.57155445E-01  5.14241640E-02 -8.47289451E-02  1.19744000E+01  1.01157484E+01  1.85865163E+00  1.12501155E+00
  1.00000000E+01  4.00000000E+00  8.53380107E-01  3.57155445E-01  5.14241640E-02 -8.47289451E-02  1.20520000E+01  1.06600516E+01  1.39194837E+00  8.55043918E-01
  1.00000000E+01  8.00000000E+00  6.15690932E-01  3.57155445E-01  5.14241640E-02 -8.47289451E-02  1.07181000E+01  1.00674907E+01  6.50609342E-01  6.14356174E-01
  1.00000000E+01  1.20000000E+01  4.88210270E-01  3.57155445E-01  5.14241640E-02 -8.47289451E-02  9.61610000E+00  9.43434517E+00  1.81754829E-01  4.82781431E-01
  1.00000000E+01  2.40000000E+01  3.77446860E-01  3.57155445E-01  5.14241640E-02 -8.47289451E-02  7.29480000E+00  7.76253898E+00 -4.67738977E-01  3.62573484E-01
  1.00000000E+01  4.80000000E+01  1.13152605E-01  3.57155445E-01  5.14241640E-02 -8.47289451E-02  4.06130000E+00  5.25517808E+00 -1.19387808E+00  1.02687120E-01
  1.00000000E+01  7.20000000E+01 -1.47213556E-01  3.57155445E-01  5.14241640E-02 -8.47289451E-02  2.19020000E+00  3.55771439E+00 -1.36751439E+00 -1.12881875E-01
  1.00000000E+01  9.60000000E+01 -3.17119180E-01  3.57155445E-01  5.14241640E-02 -8.47289451E-02  1.18100000E+00  2.40854478E+00 -1.22754478E+00 -1.96590050E-01
  1.00000000E+01  1.20000000E+02 -3.24749853E-01  3.57155445E-01  5.14241640E-02 -8.47289451E-02  6.72400000E-01  1.63056595E+00 -9.58165946E-01 -7.99372808E-02
  1.00000000E+01  1.20000000E+02  0.00000000E+00  3.57155445E-01  5.14241640E-02 -8.47289451E-02  0.00000000E+00  1.63056595E+00  0.00000000E+00  0.00000000E+00
  1.00000000E+01  1.20500000E+02 -3.12534838E+00  3.57155445E-01  5.14241640E-02 -8.47289451E-02  1.07030000E+00  6.78519028E+00 -5.71489028E+00 -3.03532845E+00
  1.00000000E+01  1.21000000E+02 -3.09131118E+00  3.57155445E-01  5.14241640E-02 -8.47289451E-02  2.01020000E+00  9.52712744E+00 -7.51692744E+00 -3.02977968E+00
  1.00000000E+01  1.22000000E+02 -2.79622131E+00  3.57155445E-01  5.14241640E-02 -8.47289451E-02  3.53590000E+00  1.16941602E+01 -8.15826024E+00 -2.74768193E+00
  1.00000000E+01  1.24000000E+02 -2.04798487E+00  3.57155445E-01  5.14241640E-02 -8.47289451E-02  5.70610000E+00  1.21879776E+01 -6.48187758E+00 -2.00033600E+00
  1.00000000E+01  1.28000000E+02 -1.08518071E+00  3.57155445E-01  5.14241640E-02 -8.47289451E-02  7.56310000E+00  1.14992376E+01 -3.93613755E+00 -1.03549843E+00
  1.00000000E+01  1.32000000E+02 -6.72896990E-01  3.57155445E-01  5.14241640E-02 -8.47289451E-02  7.84110000E+00  1.07759672E+01 -2.93486723E+00 -6.21515092E-01
  1.00000000E+01  1.44000000E+02 -2.86332413E-01  3.57155445E-01  5.14241640E-02 -8.47289451E-02  6.70220000E+00  8.86641935E+00 -2.16421935E+00 -2.27038994E-01
  1.00000000E+01  1.68000000E+02  4.69077367E-03  3.57155445E-01  5.14241640E-02 -8.47289451E-02  4.26760000E+00  6.00249645E+00 -1.73489645E+00  1.01381980E-01
  1.00000000E+01  1.92000000E+02  3.21603798E-01  3.57155445E-01  5.14241640E-02 -8.47289451E-02  2.76320000E+00  4.06364307E+00 -1.30044307E+00  4.92078825E-01
  1.00000000E+01  2.16000000E+02  5.21186444E-01  3.57155445E-01  5.14241640E-02 -8.47289451E-02  1.75120000E+00  2.75105453E+00 -9.99854529E-01  8.01978683E-01
  1.00000000E+01  2.40000000E+02  6.16504701E-01  3.57155445E-01  5.14241640E-02 -8.47289451E-02  1.08720000E+00  1.86244237E+00 -7.75242366E-01  1.04086715E+00
