TABLE NO.  1
 ID              TIME            CMT             DV              IPRED           CHZ             H0              STUDY           MDV
  1.00000000E+00  0.00000000E+00  1.00000000E+00  0.00000000E+00  5.00000000E+00  0.00000000E+00  5.00000000E-02  1.00000000E+00  1.00000000E+00
  1.00000000E+00  1.00000000E+00  1.00000000E+00  4.60000000E+00  4.75614712E+00  5.00000000E-02  5.00000000E-02  1.00000000E+00  0.00000000E+00
  1.00000000E+00  2.00000000E+00  1.00000000E+00  4.10000000E+00  4.52418709E+00  1.00000000E-01  5.00000000E-02  1.00000000E+00  0.00000000E+00
  1.00000000E+00  4.00000000E+00  1.00000000E+00  3.30000000E+00  4.09365376E+00  2.00000000E-01  5.00000000E-02  1.00000000E+00  0.00000000E+00
  1.00000000E+00  5.00000000E+00  2.00000000E+00  1.00000000E+00  3.89400391E+00  2.50000000E-01  5.00000000E-02  1.00000000E+00  0.00000000E+00
  2.00000000E+00  0.00000000E+00  1.00000000E+00  0.00000000E+00  5.00000000E+00  0.00000000E+00  5.00000000E-02  1.00000000E+00  1.00000000E+00
  2.00000000E+00  1.00000000E+00  1.00000000E+00  4.60000000E+00  4.75614712E+00  5.00000000E-02  5.00000000E-02  1.00000000E+00  0.00000000E+00
  2.00000000E+00  2.00000000E+00  1.00000000E+00  4.10000000E+00  4.52418709E+00  1.00000000E-01  5.00000000E-02  1.00000000E+00  0.00000000E+00
  2.00000000E+00  4.00000000E+00  1.00000000E+00  3.30000000E+00  4.09365376E+00  2.00000000E-01  5.00000000E-02  1.00000000E+00  0.00000000E+00
  2.00000000E+00  6.00000000E+00  2.00000000E+00  1.00000000E+00  3.70409109E+00  3.00000000E-01  5.00000000E-02  1.00000000E+00  0.00000000E+00
  3.00000000E+00  0.00000000E+00  1.00000000E+00  0.00000000E+00  5.00000000E+00  0.00000000E+00  8.24360635E-02  2.00000000E+00  1.00000000E+00
  3.00000000E+00  1.00000000E+00  1.00000000E+00  4.60000000E+00  4.75614712E+00  8.24360635E-02  8.24360635E-02  2.00000000E+00  0.00000000E+00
  3.00000000E+00  2.00000000E+00  1.00000000E+00  4.10000000E+00  4.52418709E+00  1.64872127E-01  8.24360635E-02  2.00000000E+00  0.00000000E+00
  3.00000000E+00  4.00000000E+00  1.00000000E+00  3.30000000E+00  4.09365376E+00  3.29744254E-01  8.24360635E-02  2.00000000E+00  0.00000000E+00
  3.00000000E+00  7.00000000E+00  2.00000000E+00  1.00000000E+00  3.52344044E+00  5.77052445E-01  8.24360635E-02  2.00000000E+00  0.00000000E+00
  4.00000000E+00  0.00000000E+00  1.00000000E+00  0.00000000E+00  5.00000000E+00  0.00000000E+00  8.24360635E-02  2.00000000E+00  1.00000000E+00
  4.00000000E+00  1.00000000E+00  1.00000000E+00  4.60000000E+00  4.75614712E+00  8.24360635E-02  8.24360635E-02  2.00000000E+00  0.00000000E+00
  4.00000000E+00  2.00000000E+00  1.00000000E+00  4.10000000E+00  4.52418709E+00  1.64872127E-01  8.24360635E-02  2.00000000E+00  0.00000000E+00
  4.00000000E+00  4.00000000E+00  1.00000000E+00  3.30000000E+00  4.09365376E+00  3.29744254E-01  8.24360635E-02  2.00000000E+00  0.00000000E+00
  4.00000000E+00  8.00000000E+00  2.00000000E+00  1.00000000E+00  3.35160022E+00  6.59488508E-01  8.24360635E-02  2.00000000E+00  0.00000000E+00
  5.00000000E+00  0.00000000E+00  1.00000000E+00  0.00000000E+00  5.00000000E+00  0.00000000E+00  1.35914091E-01  3.00000000E+00  1.00000000E+00
  5.00000000E+00  1.00000000E+00  1.00000000E+00  4.60000000E+00  4.75614712E+00  1.35914091E-01  1.35914091E-01  3.00000000E+00  0.00000000E+00
  5.00000000E+00  2.00000000E+00  1.00000000E+00  4.10000000E+00  4.52418709E+00  2.71828183E-01  1.35914091E-01  3.00000000E+00  0.00000000E+00
  5.00000000E+00  4.00000000E+00  1.00000000E+00  3.30000000E+00  4.09365376E+00  5.43656366E-01  1.35914091E-01  3.00000000E+00  0.00000000E+00
  5.00000000E+00  9.00000000E+00  2.00000000E+00  1.00000000E+00  3.18814075E+00  1.22322682E+00  1.35914091E-01  3.00000000E+00  0.00000000E+00
  6.00000000E+00  0.00000000E+00  1.00000000E+00  0.00000000E+00  5.00000000E+00  0.00000000E+00  1.35914091E-01  3.00000000E+00  1.00000000E+00
  6.00000000E+00  1.00000000E+00  1.00000000E+00  4.60000000E+00  4.75614712E+00  1.35914091E-01  1.35914091E-01  3.00000000E+00  0.00000000E+00
  6.00000000E+00  2.00000000E+00  1.00000000E+00  4.10000000E+00  4.52418709E+00  2.71828183E-01  1.35914091E-01  3.00000000E+00  0.00000000E+00
  6.00000000E+00  4.00000000E+00  1.00000000E+00  3.30000000E+00  4.09365376E+00  5.43656366E-01  1.35914091E-01  3.00000000E+00  0.00000000E+00
  6.00000000E+00  1.00000000E+01  2.00000000E+00  1.00000000E+00  3.03265329E+00  1.35914091E+00  1.35914091E-01  3.00000000E+00  0.00000000E+00
  9.80000000E+01  0.00000000E+00  1.00000000E+00  0.00000000E+00  0.00000000E+00  0.00000000E+00  5.00000000E-02  1.00000000E+00  1.00000000E+00
  9.80000000E+01  7.00000000E+00  2.00000000E+00  1.00000000E+00  0.00000000E+00  3.50000000E-01  5.00000000E-02  1.00000000E+00  0.00000000E+00
  9.90000000E+01  0.00000000E+00  1.00000000E+00  0.00000000E+00  0.00000000E+00  0.00000000E+00  1.35914091E-01  3.00000000E+00  1.00000000E+00
  9.90000000E+01  7.00000000E+00  2.00000000E+00  1.00000000E+00  0.00000000E+00  9.51398640E-01  1.35914091E-01  3.00000000E+00  0.00000000E+00
