TABLE NO.  1
 ID                      TIME                    DV                      MDV                     FREE                    NPDE                    NPD
  1.0000000000000000E+00  0.0000000000000000E+00  0.0000000000000000E+00  1.0000000000000000E+00  0.0000000000000000E+00  0.0000000000000000E+00  0.0000000000000000E+00
  1.0000000000000000E+00  1.0000000000000000E+00  9.1410800000000005E+00  0.0000000000000000E+00  0.0000000000000000E+00  2.5075957161226242E-01  2.3878385180520786E-01
  1.0000000000000000E+00  1.0000000000000000E+00  3.2397730000000000E+00  0.0000000000000000E+00  1.0000000000000000E+00 -2.3079844749727600E+00 -2.0417669979519393E+00
  1.0000000000000000E+00  4.0000000000000000E+00  5.2537779999999996E+00  0.0000000000000000E+00  0.0000000000000000E+00 -5.1293041114785798E-01 -1.4740437865164020E+00
  1.0000000000000000E+00  4.0000000000000000E+00  5.0816530000000002E+00  0.0000000000000000E+00  1.0000000000000000E+00 -3.7319945719073561E-01 -1.5498360102293400E+00
  1.0000000000000000E+00  1.2000000000000000E+01  0.0000000000000000E+00  1.0000000000000000E+00  0.0000000000000000E+00  0.0000000000000000E+00  0.0000000000000000E+00
  1.0000000000000000E+00  1.3000000000000000E+01  9.2606500000000000E+00  0.0000000000000000E+00  0.0000000000000000E+00 -5.4755135394447574E-01 -1.7973434261776955E+00
  1.0000000000000000E+00  1.3000000000000000E+01  1.3386447000000000E+01  0.0000000000000000E+00  1.0000000000000000E+00  8.9086797968480880E-01 -1.3084883226035999E+00
  1.0000000000000000E+00  2.4000000000000000E+01  1.6133830000000000E+00  0.0000000000000000E+00  0.0000000000000000E+00  4.2066461967986141E-01 -1.5885994999188056E+00
  1.0000000000000000E+00  2.4000000000000000E+01  1.5717960000000000E+00  0.0000000000000000E+00  1.0000000000000000E+00  1.4843434103620134E-01 -1.6011139437433524E+00
  2.0000000000000000E+00  0.0000000000000000E+00  0.0000000000000000E+00  1.0000000000000000E+00  0.0000000000000000E+00  0.0000000000000000E+00  0.0000000000000000E+00
  2.0000000000000000E+00  1.0000000000000000E+00  8.9402460000000001E+00  0.0000000000000000E+00  0.0000000000000000E+00 -1.5096921547331385E-01 -1.5277582214483634E-01
  2.0000000000000000E+00  1.0000000000000000E+00  1.1879932000000000E+01  0.0000000000000000E+00  1.0000000000000000E+00  1.1650469221723869E+00  1.1000016517900104E+00
  2.0000000000000000E+00  4.0000000000000000E+00  6.9381159999999999E+00  0.0000000000000000E+00  0.0000000000000000E+00 -2.4558952316225768E-01  2.8448586663366437E-01
  2.0000000000000000E+00  4.0000000000000000E+00  6.4678259999999996E+00  0.0000000000000000E+00  1.0000000000000000E+00 -3.5979559153177748E-01  1.8435034143351312E-01
  2.0000000000000000E+00  1.2000000000000000E+01  0.0000000000000000E+00  1.0000000000000000E+00  0.0000000000000000E+00  0.0000000000000000E+00  0.0000000000000000E+00
  2.0000000000000000E+00  1.3000000000000000E+01  1.1931862000000001E+01  0.0000000000000000E+00  0.0000000000000000E+00 -4.1656037208332924E-01  1.0846634483805480E-01
  2.0000000000000000E+00  1.3000000000000000E+01  1.5486198999999999E+01  0.0000000000000000E+00  1.0000000000000000E+00  8.5599598472623883E-01  5.2425725239322729E-01
  2.0000000000000000E+00  2.4000000000000000E+01  4.1056390000000000E+00  0.0000000000000000E+00  0.0000000000000000E+00 -1.5717868158862056E+00  1.0137200615517690E-01
  2.0000000000000000E+00  2.4000000000000000E+01  4.3068809999999997E+00  0.0000000000000000E+00  1.0000000000000000E+00 -5.7543076921997693E-01  1.1727673904270371E-01
  3.0000000000000000E+00  0.0000000000000000E+00  0.0000000000000000E+00  1.0000000000000000E+00  0.0000000000000000E+00  0.0000000000000000E+00  0.0000000000000000E+00
  3.0000000000000000E+00  1.0000000000000000E+00  9.2381049999999991E+00  0.0000000000000000E+00  0.0000000000000000E+00  4.1519385079035448E-01  3.9076302804642421E-01
  3.0000000000000000E+00  1.0000000000000000E+00  8.7469529999999995E+00  0.0000000000000000E+00  1.0000000000000000E+00  1.7637416469849587E-01  2.8934901981413741E-01
  3.0000000000000000E+00  4.0000000000000000E+00  7.6111370000000003E+00  0.0000000000000000E+00  0.0000000000000000E+00  1.0321539591067574E+00  1.0626258952537844E+00
  3.0000000000000000E+00  4.0000000000000000E+00  6.0692459999999997E+00  0.0000000000000000E+00  1.0000000000000000E+00 -1.3956967740374462E-01  7.5541001742720637E-01
  3.0000000000000000E+00  1.2000000000000000E+01  0.0000000000000000E+00  1.0000000000000000E+00  0.0000000000000000E+00  0.0000000000000000E+00  0.0000000000000000E+00
  3.0000000000000000E+00  1.3000000000000000E+01  1.2435074999999999E+01  0.0000000000000000E+00  0.0000000000000000E+00 -8.1862569816443109E-01  4.0493494135955860E-01
  3.0000000000000000E+00  1.3000000000000000E+01  1.9484423000000000E+01  0.0000000000000000E+00  1.0000000000000000E+00  1.6448536251331987E+00  1.2679068378042162E+00
  3.0000000000000000E+00  2.4000000000000000E+01  6.0389860000000004E+00  0.0000000000000000E+00  0.0000000000000000E+00  3.5178434467668124E-01  1.0056513408253933E+00
  3.0000000000000000E+00  2.4000000000000000E+01  5.9073640000000003E+00  0.0000000000000000E+00  1.0000000000000000E+00  3.8862518394083771E-02  9.9628749257824212E-01
  4.0000000000000000E+00  0.0000000000000000E+00  0.0000000000000000E+00  1.0000000000000000E+00  0.0000000000000000E+00  0.0000000000000000E+00  0.0000000000000000E+00
  4.0000000000000000E+00  1.0000000000000000E+00  9.5706959999999999E+00  0.0000000000000000E+00  0.0000000000000000E+00  1.0984684212598324E+00  1.0512900990229817E+00
  4.0000000000000000E+00  1.0000000000000000E+00  9.1906719999999993E+00  0.0000000000000000E+00  1.0000000000000000E+00  8.6143228621120760E-01  1.2634824284107788E+00
  4.0000000000000000E+00  4.0000000000000000E+00  8.0047720000000009E+00  0.0000000000000000E+00  0.0000000000000000E+00  7.7896556351239854E-01  1.6488067602326077E+00
  4.0000000000000000E+00  4.0000000000000000E+00  5.7845789999999999E+00  0.0000000000000000E+00  1.0000000000000000E+00 -6.9828336536397806E-01  1.2174471093791523E+00
  4.0000000000000000E+00  1.2000000000000000E+01  0.0000000000000000E+00  1.0000000000000000E+00  0.0000000000000000E+00  0.0000000000000000E+00  0.0000000000000000E+00
  4.0000000000000000E+00  1.3000000000000000E+01  1.2940237000000000E+01  0.0000000000000000E+00  0.0000000000000000E+00 -7.7557494199970922E-01  8.0265606230365727E-01
  4.0000000000000000E+00  1.3000000000000000E+01  1.8062982000000002E+01  0.0000000000000000E+00  1.0000000000000000E+00  1.0257700224743866E+00  1.4744377082145161E+00
  4.0000000000000000E+00  2.4000000000000000E+01  6.6042620000000003E+00  0.0000000000000000E+00  0.0000000000000000E+00  7.4876310596524520E-01  1.3625523640591253E+00
  4.0000000000000000E+00  2.4000000000000000E+01  6.9855020000000003E+00  0.0000000000000000E+00  1.0000000000000000E+00  6.6664330648491166E-01  1.3989977659162693E+00
  5.0000000000000000E+00  0.0000000000000000E+00  0.0000000000000000E+00  1.0000000000000000E+00  0.0000000000000000E+00  0.0000000000000000E+00  0.0000000000000000E+00
  5.0000000000000000E+00  1.0000000000000000E+00  9.0829500000000003E+00  0.0000000000000000E+00  0.0000000000000000E+00  1.0799456945082889E-01  1.2840818884101543E-01
  5.0000000000000000E+00  1.0000000000000000E+00  1.2297157000000000E+01  0.0000000000000000E+00  1.0000000000000000E+00  1.5804668175103158E+00  1.6365615630600625E+00
  5.0000000000000000E+00  4.0000000000000000E+00  7.7661020000000001E+00  0.0000000000000000E+00  0.0000000000000000E+00  5.7987339303216667E-01  1.3547717112065945E+00
  5.0000000000000000E+00  4.0000000000000000E+00  4.9537630000000004E+00  0.0000000000000000E+00  1.0000000000000000E+00 -1.1650469221723869E+00  7.5005490407203823E-01
  5.0000000000000000E+00  1.2000000000000000E+01  0.0000000000000000E+00  1.0000000000000000E+00  0.0000000000000000E+00  0.0000000000000000E+00  0.0000000000000000E+00
  5.0000000000000000E+00  1.3000000000000000E+01  1.4225198000000001E+01  0.0000000000000000E+00  0.0000000000000000E+00  1.7114395577912624E+00  1.7021709558866174E+00
  5.0000000000000000E+00  1.3000000000000000E+01  1.1118456000000000E+01  0.0000000000000000E+00  1.0000000000000000E+00  9.4433203624667372E-01  1.4037057905382286E+00
  5.0000000000000000E+00  2.4000000000000000E+01  6.6473409999999999E+00  0.0000000000000000E+00  0.0000000000000000E+00  9.1346125869678596E-01  1.4124877985798536E+00
  5.0000000000000000E+00  2.4000000000000000E+01  6.7180910000000003E+00  0.0000000000000000E+00  1.0000000000000000E+00  5.0010662764297875E-01  1.4224040421909387E+00
  6.0000000000000000E+00  0.0000000000000000E+00  0.0000000000000000E+00  1.0000000000000000E+00  0.0000000000000000E+00  0.0000000000000000E+00  0.0000000000000000E+00
  6.0000000000000000E+00  1.0000000000000000E+00  8.5661570000000005E+00  0.0000000000000000E+00  0.0000000000000000E+00 -8.3095331967439179E-01 -8.5080539251357379E-01
  6.0000000000000000E+00  1.0000000000000000E+00  6.7574829999999997E+00  0.0000000000000000E+00  1.0000000000000000E+00 -1.7683644262283540E+00 -1.8293221746590067E+00
  6.0000000000000000E+00  4.0000000000000000E+00  6.2700209999999998E+00  0.0000000000000000E+00  0.0000000000000000E+00  1.1774899659199760E+00 -4.8822845280715021E-01
  6.0000000000000000E+00  4.0000000000000000E+00  6.0839210000000001E+00  0.0000000000000000E+00  1.0000000000000000E+00  5.2296300290625364E-01 -5.6479024538505873E-01
  6.0000000000000000E+00  1.2000000000000000E+01  0.0000000000000000E+00  1.0000000000000000E+00  0.0000000000000000E+00  0.0000000000000000E+00  0.0000000000000000E+00
  6.0000000000000000E+00  1.3000000000000000E+01  1.1727796000000000E+01  0.0000000000000000E+00  0.0000000000000000E+00  1.0407318876403140E+00 -2.7098811767065537E-02
  6.0000000000000000E+00  1.3000000000000000E+01  9.3095230000000004E+00  0.0000000000000000E+00  1.0000000000000000E+00  2.4429804148779721E-01 -3.5844300475926827E-01
  6.0000000000000000E+00  2.4000000000000000E+01  2.9130509999999998E+00  0.0000000000000000E+00  0.0000000000000000E+00 -1.4084427781119273E+00 -6.5589542576467286E-01
  6.0000000000000000E+00  2.4000000000000000E+01  3.5855150000000000E+00  0.0000000000000000E+00  1.0000000000000000E+00 -1.0169345172987868E-01 -5.7660277013850336E-01
  7.0000000000000000E+00  0.0000000000000000E+00  0.0000000000000000E+00  1.0000000000000000E+00  0.0000000000000000E+00  0.0000000000000000E+00  0.0000000000000000E+00
  7.0000000000000000E+00  1.0000000000000000E+00  8.9225349999999999E+00  0.0000000000000000E+00  0.0000000000000000E+00 -1.5096921547331385E-01 -1.4883820653165844E-01
  7.0000000000000000E+00  1.0000000000000000E+00  1.2364938000000000E+01  0.0000000000000000E+00  1.0000000000000000E+00  1.4757910298058443E+00  1.3342017883311157E+00
  7.0000000000000000E+00  4.0000000000000000E+00  6.2512309999999998E+00  0.0000000000000000E+00  0.0000000000000000E+00 -1.5260396115763346E+00 -4.2198830975544033E-01
  7.0000000000000000E+00  4.0000000000000000E+00  5.8943969999999997E+00  0.0000000000000000E+00  1.0000000000000000E+00 -9.7815028695080786E-01 -5.2002824276897197E-01
  7.0000000000000000E+00  1.2000000000000000E+01  0.0000000000000000E+00  1.0000000000000000E+00  0.0000000000000000E+00  0.0000000000000000E+00  0.0000000000000000E+00
  7.0000000000000000E+00  1.3000000000000000E+01  1.0805512999999999E+01  0.0000000000000000E+00  0.0000000000000000E+00 -6.3412384888083007E-01 -6.1349031231769124E-01
  7.0000000000000000E+00  1.3000000000000000E+01  1.2550205999999999E+01  0.0000000000000000E+00  1.0000000000000000E+00 -7.0243313877454472E-02 -4.1946201587561582E-01
  7.0000000000000000E+00  2.4000000000000000E+01  3.1227839999999998E+00  0.0000000000000000E+00  0.0000000000000000E+00  6.2666117088035203E-03 -4.1086146651074223E-01
  7.0000000000000000E+00  2.4000000000000000E+01  2.8248600000000001E+00  0.0000000000000000E+00  1.0000000000000000E+00 -3.2920598399635020E-01 -4.4570898746991677E-01
  8.0000000000000000E+00  0.0000000000000000E+00  0.0000000000000000E+00  1.0000000000000000E+00  0.0000000000000000E+00  0.0000000000000000E+00  0.0000000000000000E+00
  8.0000000000000000E+00  1.0000000000000000E+00  8.8184989999999992E+00  0.0000000000000000E+00  0.0000000000000000E+00 -3.3052937549985983E-01 -3.6296179416335289E-01
  8.0000000000000000E+00  1.0000000000000000E+00  1.1871575999999999E+01  0.0000000000000000E+00  1.0000000000000000E+00  1.0691546281481052E+00  8.4493168116590478E-01
  8.0000000000000000E+00  4.0000000000000000E+00  7.7896159999999997E+00  0.0000000000000000E+00  0.0000000000000000E+00  1.3195060156403779E+00  1.3948392893661705E+00
  8.0000000000000000E+00  4.0000000000000000E+00  8.2724969999999995E+00  0.0000000000000000E+00  1.0000000000000000E+00  9.4433203624667372E-01  1.6317259366530321E+00
  8.0000000000000000E+00  1.2000000000000000E+01  0.0000000000000000E+00  1.0000000000000000E+00  0.0000000000000000E+00  0.0000000000000000E+00  0.0000000000000000E+00
  8.0000000000000000E+00  1.3000000000000000E+01  1.4411310000000000E+01  0.0000000000000000E+00  0.0000000000000000E+00  1.1800005399340499E+00  1.8221677942354297E+00
  8.0000000000000000E+00  1.3000000000000000E+01  1.2500405000000001E+01  0.0000000000000000E+00  1.0000000000000000E+00  7.7219321338677660E-01  1.7105153800046577E+00
  8.0000000000000000E+00  2.4000000000000000E+01  7.9969029999999997E+00  0.0000000000000000E+00  0.0000000000000000E+00  2.0335201482187748E+00  2.0578282921795363E+00
  8.0000000000000000E+00  2.4000000000000000E+01  8.6588530000000006E+00  0.0000000000000000E+00  1.0000000000000000E+00  1.5300675888154318E+00  2.1218099830083696E+00
  9.0000000000000000E+00  0.0000000000000000E+00  0.0000000000000000E+00  1.0000000000000000E+00  0.0000000000000000E+00  0.0000000000000000E+00  0.0000000000000000E+00
  9.0000000000000000E+00  1.0000000000000000E+00  9.3067259999999994E+00  0.0000000000000000E+00  0.0000000000000000E+00  4.9443358550034855E-01  5.4776185892454554E-01
  9.0000000000000000E+00  1.0000000000000000E+00  8.5838099999999997E+00  0.0000000000000000E+00  1.0000000000000000E+00  2.2497335810298014E-01  4.0292771995158599E-01
  9.0000000000000000E+00  4.0000000000000000E+00  6.1223520000000002E+00  0.0000000000000000E+00  0.0000000000000000E+00 -1.3689976804032051E+00 -6.3768787891228851E-01
  9.0000000000000000E+00  4.0000000000000000E+00  7.8393649999999999E+00  0.0000000000000000E+00  1.0000000000000000E+00  1.7001288926564428E-01 -3.3387064765289842E-01
  9.0000000000000000E+00  1.2000000000000000E+01  0.0000000000000000E+00  1.0000000000000000E+00  0.0000000000000000E+00  0.0000000000000000E+00  0.0000000000000000E+00
  9.0000000000000000E+00  1.3000000000000000E+01  1.1155640999999999E+01  0.0000000000000000E+00  0.0000000000000000E+00 -3.6113303332673496E-01 -4.2777569826069528E-01
  9.0000000000000000E+00  1.3000000000000000E+01  1.2222334999999999E+01  0.0000000000000000E+00  1.0000000000000000E+00  1.2533469522069109E-02 -3.1966919648713393E-01
  9.0000000000000000E+00  2.4000000000000000E+01  3.2999700000000001E+00  0.0000000000000000E+00  0.0000000000000000E+00 -3.2127763922961661E-01 -3.7546244568950604E-01
  9.0000000000000000E+00  2.4000000000000000E+01  5.3432139999999997E+00  0.0000000000000000E+00  1.0000000000000000E+00  1.3851716086530657E+00 -1.5826354599653172E-01
  1.0000000000000000E+01  0.0000000000000000E+00  0.0000000000000000E+00  1.0000000000000000E+00  0.0000000000000000E+00  0.0000000000000000E+00  0.0000000000000000E+00
  1.0000000000000000E+01  1.0000000000000000E+00  8.9216870000000004E+00  0.0000000000000000E+00  0.0000000000000000E+00 -1.7637416469849576E-01 -1.8106880796155150E-01
  1.0000000000000000E+01  1.0000000000000000E+00  7.7143920000000001E+00  0.0000000000000000E+00  1.0000000000000000E+00 -7.4379583487197898E-01 -7.7557977526498090E-01
  1.0000000000000000E+01  4.0000000000000000E+00  6.8603009999999998E+00  0.0000000000000000E+00  0.0000000000000000E+00  1.0236513126636553E+00  2.0283362325250243E-01
  1.0000000000000000E+01  4.0000000000000000E+00  5.2487060000000003E+00  0.0000000000000000E+00  1.0000000000000000E+00 -2.4817371819398826E-01 -1.4571841762990737E-01
  1.0000000000000000E+01  1.2000000000000000E+01  0.0000000000000000E+00  1.0000000000000000E+00  0.0000000000000000E+00  0.0000000000000000E+00  0.0000000000000000E+00
  1.0000000000000000E+01  1.3000000000000000E+01  1.1133331000000000E+01  0.0000000000000000E+00  0.0000000000000000E+00 -9.7411387769782254E-01 -4.4509791806332316E-01
  1.0000000000000000E+01  1.3000000000000000E+01  1.4151248000000001E+01  0.0000000000000000E+00  1.0000000000000000E+00  9.9174148748904442E-02 -9.1873272859231830E-02
  1.0000000000000000E+01  2.4000000000000000E+01  3.7352759999999998E+00  0.0000000000000000E+00  0.0000000000000000E+00 -2.7280905289994778E-01 -1.1644764441343315E-01
  1.0000000000000000E+01  2.4000000000000000E+01  1.2652479999999999E+00  0.0000000000000000E+00  1.0000000000000000E+00 -1.8521798576984660E+00 -3.8750578015865000E-01
  1.1000000000000000E+01  0.0000000000000000E+00  0.0000000000000000E+00  1.0000000000000000E+00  0.0000000000000000E+00  0.0000000000000000E+00  0.0000000000000000E+00
  1.1000000000000000E+01  1.0000000000000000E+00  9.3867100000000008E+00  0.0000000000000000E+00  0.0000000000000000E+00  6.2800601483743212E-01  6.9284760786572730E-01
  1.1000000000000000E+01  1.0000000000000000E+00  6.9339729999999999E+00  0.0000000000000000E+00  1.0000000000000000E+00 -4.2614800791454804E-01 -1.6896140875911139E-01
  1.1000000000000000E+01  4.0000000000000000E+00  6.4349670000000003E+00  0.0000000000000000E+00  0.0000000000000000E+00 -4.9160303188358734E-01 -2.9422426945798358E-01
  1.1000000000000000E+01  4.0000000000000000E+00  1.0415480000000001E+01  0.0000000000000000E+00  1.0000000000000000E+00  1.6645628596603113E+00  5.3483020287302563E-01
  1.1000000000000000E+01  1.2000000000000000E+01  0.0000000000000000E+00  1.0000000000000000E+00  0.0000000000000000E+00  0.0000000000000000E+00  0.0000000000000000E+00
  1.1000000000000000E+01  1.3000000000000000E+01  1.2790891000000000E+01  0.0000000000000000E+00  0.0000000000000000E+00  8.2389362943675803E-01  6.9995449375399676E-01
  1.1000000000000000E+01  1.3000000000000000E+01  9.9437809999999995E+00  0.0000000000000000E+00  1.0000000000000000E+00 -1.2566134687610298E-01  3.8611526400056084E-01
  1.1000000000000000E+01  2.4000000000000000E+01  4.6262809999999996E+00  0.0000000000000000E+00  0.0000000000000000E+00 -4.4267614437309827E-01  3.9563500414386316E-01
  1.1000000000000000E+01  2.4000000000000000E+01  3.5535760000000001E+00  0.0000000000000000E+00  1.0000000000000000E+00 -1.0691546281481055E+00  3.0008365712728258E-01
  1.2000000000000000E+01  0.0000000000000000E+00  0.0000000000000000E+00  1.0000000000000000E+00  0.0000000000000000E+00  0.0000000000000000E+00  0.0000000000000000E+00
  1.2000000000000000E+01  1.0000000000000000E+00  9.6338810000000006E+00  0.0000000000000000E+00  0.0000000000000000E+00  1.1875772626359127E+00  1.1652928503637150E+00
  1.2000000000000000E+01  1.0000000000000000E+00  2.1963029999999999E+00  0.0000000000000000E+00  1.0000000000000000E+00 -2.2903678775699272E+00 -1.5958803334193525E+00
  1.2000000000000000E+01  4.0000000000000000E+00  6.1580839999999997E+00  0.0000000000000000E+00  0.0000000000000000E+00  4.0116810225655081E-02 -6.1297517265861490E-01
  1.2000000000000000E+01  4.0000000000000000E+00  7.1348659999999997E+00  0.0000000000000000E+00  1.0000000000000000E+00  5.6070303249939901E-01 -4.5989965485994871E-01
  1.2000000000000000E+01  1.2000000000000000E+01  0.0000000000000000E+00  1.0000000000000000E+00  0.0000000000000000E+00  0.0000000000000000E+00  0.0000000000000000E+00
  1.2000000000000000E+01  1.3000000000000000E+01  1.1273949999999999E+01  0.0000000000000000E+00  0.0000000000000000E+00  8.6586747928319788E-02 -3.5997376818076060E-01
  1.2000000000000000E+01  1.3000000000000000E+01  1.1731795999999999E+01  0.0000000000000000E+00  1.0000000000000000E+00  2.9106710158850096E-01 -3.2991387173712505E-01
  1.2000000000000000E+01  2.4000000000000000E+01  3.2531029999999999E+00  0.0000000000000000E+00  0.0000000000000000E+00 -4.5932611110231586E-01 -4.2282966826409130E-01
  1.2000000000000000E+01  2.4000000000000000E+01  1.7154659999999999E+00  0.0000000000000000E+00  1.0000000000000000E+00 -1.4290147306223255E+00 -5.9725604366541207E-01
  1.3000000000000000E+01  0.0000000000000000E+00  0.0000000000000000E+00  1.0000000000000000E+00  0.0000000000000000E+00  0.0000000000000000E+00  0.0000000000000000E+00
  1.3000000000000000E+01  1.0000000000000000E+00  8.4483619999999995E+00  0.0000000000000000E+00  0.0000000000000000E+00 -1.0916203684226040E+00 -1.0569260057929128E+00
  1.3000000000000000E+01  1.0000000000000000E+00  1.1267752000000000E+01  0.0000000000000000E+00  1.0000000000000000E+00  2.1341920754854499E-01 -2.2393886738643978E-01
  1.3000000000000000E+01  4.0000000000000000E+00  6.3440170000000000E+00  0.0000000000000000E+00  0.0000000000000000E+00  1.4336743544937100E-01 -3.6537606591694766E-01
  1.3000000000000000E+01  4.0000000000000000E+00  3.8471600000000001E+00  0.0000000000000000E+00  1.0000000000000000E+00 -1.1850441274012051E+00 -8.7606789117944517E-01
  1.3000000000000000E+01  1.2000000000000000E+01  0.0000000000000000E+00  1.0000000000000000E+00  0.0000000000000000E+00  0.0000000000000000E+00  0.0000000000000000E+00
  1.3000000000000000E+01  1.3000000000000000E+01  1.0550971000000001E+01  0.0000000000000000E+00  0.0000000000000000E+00 -4.9301781493238589E-01 -8.4136908911094987E-01
  1.3000000000000000E+01  1.3000000000000000E+01  1.2708700000000000E+01  0.0000000000000000E+00  1.0000000000000000E+00  3.3450303612558657E-01 -6.0648904957042582E-01
  1.3000000000000000E+01  2.4000000000000000E+01  2.7261310000000001E+00  0.0000000000000000E+00  0.0000000000000000E+00 -2.8714669399290732E-01 -7.3791239838009848E-01
  1.3000000000000000E+01  2.4000000000000000E+01  3.3535029999999999E+00  0.0000000000000000E+00  1.0000000000000000E+00  3.4778720400962793E-01 -6.6926497587275835E-01
  1.4000000000000000E+01  0.0000000000000000E+00  0.0000000000000000E+00  1.0000000000000000E+00  0.0000000000000000E+00  0.0000000000000000E+00  0.0000000000000000E+00
  1.4000000000000000E+01  1.0000000000000000E+00  8.3038900000000009E+00  0.0000000000000000E+00  0.0000000000000000E+00 -1.3626273013461201E+00 -1.3256932815064664E+00
  1.4000000000000000E+01  1.0000000000000000E+00  8.8525810000000007E+00  0.0000000000000000E+00  1.0000000000000000E+00 -1.0825684905755806E+00 -1.4976621420305460E+00
  1.4000000000000000E+01  4.0000000000000000E+00  4.8448750000000000E+00  0.0000000000000000E+00  0.0000000000000000E+00 -1.1901180412980474E+00 -1.8885409751831812E+00
  1.4000000000000000E+01  4.0000000000000000E+00  2.4959349999999998E+00  0.0000000000000000E+00  1.0000000000000000E+00 -1.8807936060345836E+00 -2.2289238432626566E+00
  1.4000000000000000E+01  1.2000000000000000E+01  0.0000000000000000E+00  1.0000000000000000E+00  0.0000000000000000E+00  0.0000000000000000E+00  0.0000000000000000E+00
  1.4000000000000000E+01  1.3000000000000000E+01  8.7885399999999994E+00  0.0000000000000000E+00  0.0000000000000000E+00  1.9805759722309468E-01 -2.1929936236905330E+00
  1.4000000000000000E+01  1.3000000000000000E+01  1.1753045000000000E+01  0.0000000000000000E+00  1.0000000000000000E+00  1.3722038091186444E+00 -1.8832768873137635E+00
  1.4000000000000000E+01  2.4000000000000000E+01  1.0326949999999999E+00  0.0000000000000000E+00  0.0000000000000000E+00  1.1977868694064220E+00 -2.1714931805511966E+00
  1.4000000000000000E+01  2.4000000000000000E+01  1.4503379999999999E+00  0.0000000000000000E+00  1.0000000000000000E+00  9.6409160791619586E-01 -2.1138257540556333E+00
  1.5000000000000000E+01  0.0000000000000000E+00  0.0000000000000000E+00  1.0000000000000000E+00  0.0000000000000000E+00  0.0000000000000000E+00  0.0000000000000000E+00
  1.5000000000000000E+01  1.0000000000000000E+00  9.5010820000000002E+00  0.0000000000000000E+00  0.0000000000000000E+00  8.8343738306085196E-01  9.3083495346522427E-01
  1.5000000000000000E+01  1.0000000000000000E+00  8.6513109999999998E+00  0.0000000000000000E+00  1.0000000000000000E+00  5.6952486765934895E-01  8.7885292200058795E-01
  1.5000000000000000E+01  4.0000000000000000E+00  6.5001590000000000E+00  0.0000000000000000E+00  0.0000000000000000E+00 -1.2702376209629456E+00 -1.9071740245891519E-01
  1.5000000000000000E+01  4.0000000000000000E+00  7.3797579999999998E+00  0.0000000000000000E+00  1.0000000000000000E+00 -2.1213719814029361E-01 -2.8515084275511561E-02
  1.5000000000000000E+01  1.2000000000000000E+01  0.0000000000000000E+00  1.0000000000000000E+00  0.0000000000000000E+00  0.0000000000000000E+00  0.0000000000000000E+00
  1.5000000000000000E+01  1.3000000000000000E+01  1.1248623000000000E+01  0.0000000000000000E+00  0.0000000000000000E+00 -8.5780526791400424E-01 -3.3983816181471693E-01
  1.5000000000000000E+01  1.3000000000000000E+01  1.3095586000000001E+01  0.0000000000000000E+00  1.0000000000000000E+00 -2.7411011572587196E-01 -1.2797546364974466E-01
  1.5000000000000000E+01  2.4000000000000000E+01  3.9980840000000000E+00  0.0000000000000000E+00  0.0000000000000000E+00  5.3016144564239431E-01  7.9459391288070669E-02
  1.5000000000000000E+01  2.4000000000000000E+01  4.3753149999999996E+00  0.0000000000000000E+00  1.0000000000000000E+00  5.4609592674979102E-01  1.1577458395122783E-01
  1.6000000000000000E+01  0.0000000000000000E+00  0.0000000000000000E+00  1.0000000000000000E+00  0.0000000000000000E+00  0.0000000000000000E+00  0.0000000000000000E+00
  1.6000000000000000E+01  1.0000000000000000E+00  8.7351880000000008E+00  0.0000000000000000E+00  0.0000000000000000E+00 -5.5484600100683423E-01 -5.3617280682466117E-01
  1.6000000000000000E+01  1.0000000000000000E+00  9.1861479999999993E+00  0.0000000000000000E+00  1.0000000000000000E+00 -3.3317789873065412E-01 -5.4473620891221486E-01
  1.6000000000000000E+01  4.0000000000000000E+00  5.5585519999999997E+00  0.0000000000000000E+00  0.0000000000000000E+00 -1.1800005399340499E+00 -1.2455040697194988E+00
  1.6000000000000000E+01  4.0000000000000000E+00  6.1198139999999999E+00  0.0000000000000000E+00  1.0000000000000000E+00 -3.2523925609061827E-01 -1.1841869192371099E+00
  1.6000000000000000E+01  1.2000000000000000E+01  0.0000000000000000E+00  1.0000000000000000E+00  0.0000000000000000E+00  0.0000000000000000E+00  0.0000000000000000E+00
  1.6000000000000000E+01  1.3000000000000000E+01  1.0284872000000000E+01  0.0000000000000000E+00  0.0000000000000000E+00  2.8830218548557069E-02 -1.0712491097661152E+00
  1.6000000000000000E+01  1.3000000000000000E+01  9.2991430000000008E+00  0.0000000000000000E+00  1.0000000000000000E+00 -3.2788316880198082E-01 -1.2747036773116811E+00
  1.6000000000000000E+01  2.4000000000000000E+01  2.7083940000000002E+00  0.0000000000000000E+00  0.0000000000000000E+00  1.4647102048555847E+00 -7.6540139892011305E-01
  1.6000000000000000E+01  2.4000000000000000E+01  1.2084580000000000E+00  0.0000000000000000E+00  1.0000000000000000E+00 -4.8877641154186069E-01 -9.5523523966059809E-01
  1.7000000000000000E+01  0.0000000000000000E+00  0.0000000000000000E+00  1.0000000000000000E+00  0.0000000000000000E+00  0.0000000000000000E+00  0.0000000000000000E+00
  1.7000000000000000E+01  1.0000000000000000E+00  8.8082960000000003E+00  0.0000000000000000E+00  0.0000000000000000E+00 -3.8937332721077034E-01 -3.8644657727662884E-01
  1.7000000000000000E+01  1.0000000000000000E+00  1.2264835000000000E+01  0.0000000000000000E+00  1.0000000000000000E+00  1.2345447011694537E+00  9.9563094241078254E-01
  1.7000000000000000E+01  4.0000000000000000E+00  6.6414489999999997E+00  0.0000000000000000E+00  0.0000000000000000E+00 -5.9177689116570920E-01 -5.3295981887605155E-02
  1.7000000000000000E+01  4.0000000000000000E+00  4.9629820000000002E+00  0.0000000000000000E+00  1.0000000000000000E+00 -1.1216765285460197E+00 -4.1307937584949744E-01
  1.7000000000000000E+01  1.2000000000000000E+01  0.0000000000000000E+00  1.0000000000000000E+00  0.0000000000000000E+00  0.0000000000000000E+00  0.0000000000000000E+00
  1.7000000000000000E+01  1.3000000000000000E+01  1.1795992000000000E+01  0.0000000000000000E+00  0.0000000000000000E+00  4.0973548030371565E-01  2.2591722882488320E-02
  1.7000000000000000E+01  1.3000000000000000E+01  5.5559960000000004E+00  0.0000000000000000E+00  1.0000000000000000E+00 -2.0046544619731614E+00 -7.6402844094453015E-01
  1.7000000000000000E+01  2.4000000000000000E+01  3.3087080000000002E+00  0.0000000000000000E+00  0.0000000000000000E+00  9.9174148748904442E-02 -3.7392228062025157E-01
  1.7000000000000000E+01  2.4000000000000000E+01  3.1024759999999998E+00  0.0000000000000000E+00  1.0000000000000000E+00 -1.5857972971399767E-01 -3.9775918099118973E-01
  1.8000000000000000E+01  0.0000000000000000E+00  0.0000000000000000E+00  1.0000000000000000E+00  0.0000000000000000E+00  0.0000000000000000E+00  0.0000000000000000E+00
  1.8000000000000000E+01  1.0000000000000000E+00  9.9340449999999993E+00  0.0000000000000000E+00  0.0000000000000000E+00  1.7565180057635901E+00  1.7479384222276428E+00
  1.8000000000000000E+01  1.0000000000000000E+00  7.8516389999999996E+00  0.0000000000000000E+00  1.0000000000000000E+00  7.6545609592715846E-01  1.4618311998235252E+00
  1.8000000000000000E+01  4.0000000000000000E+00  7.9305420000000000E+00  0.0000000000000000E+00  0.0000000000000000E+00  3.5311797171891979E-01  1.5778321674878104E+00
  1.8000000000000000E+01  4.0000000000000000E+00  3.3269069999999998E+00  0.0000000000000000E+00  1.0000000000000000E+00 -2.1700903754538206E+00  5.5888118877916237E-01
  1.8000000000000000E+01  1.2000000000000000E+01  0.0000000000000000E+00  1.0000000000000000E+00  0.0000000000000000E+00  0.0000000000000000E+00  0.0000000000000000E+00
  1.8000000000000000E+01  1.3000000000000000E+01  1.2105763000000000E+01  0.0000000000000000E+00  0.0000000000000000E+00 -1.2758741777264293E+00  2.2681061265323738E-01
  1.8000000000000000E+01  1.3000000000000000E+01  1.6377472000000001E+01  0.0000000000000000E+00  1.0000000000000000E+00  1.8274258534675022E-01  7.8837760450357564E-01
  1.8000000000000000E+01  2.4000000000000000E+01  5.8430739999999997E+00  0.0000000000000000E+00  0.0000000000000000E+00  1.2702376209629456E+00  1.0326830648214349E+00
  1.8000000000000000E+01  2.4000000000000000E+01  5.8622730000000001E+00  0.0000000000000000E+00  1.0000000000000000E+00  6.8237794174204269E-01  1.0332801511669760E+00
  1.9000000000000000E+01  0.0000000000000000E+00  0.0000000000000000E+00  1.0000000000000000E+00  0.0000000000000000E+00  0.0000000000000000E+00  0.0000000000000000E+00
  1.9000000000000000E+01  1.0000000000000000E+00  9.3615290000000009E+00  0.0000000000000000E+00  0.0000000000000000E+00  6.4952359608828414E-01  6.6275039653197465E-01
  1.9000000000000000E+01  1.0000000000000000E+00  1.1441684000000000E+01  0.0000000000000000E+00  1.0000000000000000E+00  1.7223838908042672E+00  1.8850202145657069E+00
  1.9000000000000000E+01  4.0000000000000000E+00  7.3865040000000004E+00  0.0000000000000000E+00  0.0000000000000000E+00 -3.7857969857918761E-01  8.8231917364958978E-01
  1.9000000000000000E+01  4.0000000000000000E+00  5.7631629999999996E+00  0.0000000000000000E+00  1.0000000000000000E+00 -1.0780756449540077E+00  5.4738437764771186E-01
  1.9000000000000000E+01  1.2000000000000000E+01  0.0000000000000000E+00  1.0000000000000000E+00  0.0000000000000000E+00  0.0000000000000000E+00  0.0000000000000000E+00
  1.9000000000000000E+01  1.3000000000000000E+01  1.3463061000000000E+01  0.0000000000000000E+00  0.0000000000000000E+00  1.1675210808951682E+00  1.1941813570982751E+00
  1.9000000000000000E+01  1.3000000000000000E+01  9.3148440000000008E+00  0.0000000000000000E+00  1.0000000000000000E+00 -2.3269274895295405E-01  7.3737721759912200E-01
  1.9000000000000000E+01  2.4000000000000000E+01  5.0991210000000002E+00  0.0000000000000000E+00  0.0000000000000000E+00 -6.8079691873309656E-01  6.7004609409325433E-01
  1.9000000000000000E+01  2.4000000000000000E+01  5.6948369999999997E+00  0.0000000000000000E+00  1.0000000000000000E+00  1.5223701554107044E-01  7.2042431441297106E-01
  2.0000000000000000E+01  0.0000000000000000E+00  0.0000000000000000E+00  1.0000000000000000E+00  0.0000000000000000E+00  0.0000000000000000E+00  0.0000000000000000E+00
  2.0000000000000000E+01  1.0000000000000000E+00  9.2193629999999995E+00  0.0000000000000000E+00  0.0000000000000000E+00  3.5045134301137915E-01  3.9441657327224156E-01
  2.0000000000000000E+01  1.0000000000000000E+00  6.4579000000000004E+00  0.0000000000000000E+00  1.0000000000000000E+00 -8.6872054656040831E-01 -6.9060983472920079E-01
  2.0000000000000000E+01  4.0000000000000000E+00  6.3393249999999997E+00  0.0000000000000000E+00  0.0000000000000000E+00 -8.6586747928319788E-02 -3.5412650446802191E-01
  2.0000000000000000E+01  4.0000000000000000E+00  8.3805409999999991E+00  0.0000000000000000E+00  1.0000000000000000E+00  9.3458929117799527E-01  1.9017997031930692E-02
  2.0000000000000000E+01  1.2000000000000000E+01  0.0000000000000000E+00  1.0000000000000000E+00  0.0000000000000000E+00  0.0000000000000000E+00  0.0000000000000000E+00
  2.0000000000000000E+01  1.3000000000000000E+01  1.0765952000000000E+01  0.0000000000000000E+00  0.0000000000000000E+00 -1.4946722512511890E+00 -6.7049951598323609E-01
  2.0000000000000000E+01  1.3000000000000000E+01  1.3257263000000000E+01  0.0000000000000000E+00  1.0000000000000000E+00 -6.4488764344319560E-01 -3.8151992879712904E-01
  2.0000000000000000E+01  2.4000000000000000E+01  3.6137049999999999E+00  0.0000000000000000E+00  0.0000000000000000E+00  4.1792767169647277E-01 -1.4067805954772875E-01
  2.0000000000000000E+01  2.4000000000000000E+01  4.3129210000000002E+00  0.0000000000000000E+00  1.0000000000000000E+00  7.6377724309607020E-01 -7.7924358277960556E-02
  2.1000000000000000E+01  0.0000000000000000E+00  0.0000000000000000E+00  1.0000000000000000E+00  0.0000000000000000E+00  0.0000000000000000E+00  0.0000000000000000E+00
  2.1000000000000000E+01  1.0000000000000000E+00  9.2538029999999996E+00  0.0000000000000000E+00  0.0000000000000000E+00  4.4682696557987911E-01  4.5672251843827916E-01
  2.1000000000000000E+01  1.0000000000000000E+00  8.3015910000000002E+00  0.0000000000000000E+00  1.0000000000000000E+00  3.7608287699910793E-02  1.7241039388171775E-01
  2.1000000000000000E+01  4.0000000000000000E+00  6.6997900000000001E+00  0.0000000000000000E+00  0.0000000000000000E+00 -1.9677962008254543E-01  2.9778717177065060E-02
  2.1000000000000000E+01  4.0000000000000000E+00  7.2441050000000002E+00  0.0000000000000000E+00  1.0000000000000000E+00  2.0573233373311736E-01  1.2615845517738444E-01
  2.1000000000000000E+01  1.2000000000000000E+01  0.0000000000000000E+00  1.0000000000000000E+00  0.0000000000000000E+00  0.0000000000000000E+00  0.0000000000000000E+00
  2.1000000000000000E+01  1.3000000000000000E+01  1.1284484000000001E+01  0.0000000000000000E+00  0.0000000000000000E+00 -1.1311309013115218E+00 -3.1878127526698574E-01
  2.1000000000000000E+01  1.3000000000000000E+01  1.4642141000000001E+01  0.0000000000000000E+00  1.0000000000000000E+00  5.5173802188842415E-02  7.4573650905878738E-02
  2.1000000000000000E+01  2.4000000000000000E+01  3.8005190000000000E+00  0.0000000000000000E+00  0.0000000000000000E+00 -6.8554511804062557E-01 -6.5799092004806742E-02
  2.1000000000000000E+01  2.4000000000000000E+01  3.7418300000000002E+00  0.0000000000000000E+00  1.0000000000000000E+00 -4.2066461967986130E-01 -7.6183367915935232E-02
  2.2000000000000000E+01  0.0000000000000000E+00  0.0000000000000000E+00  1.0000000000000000E+00  0.0000000000000000E+00  0.0000000000000000E+00  0.0000000000000000E+00
  2.2000000000000000E+01  1.0000000000000000E+00  8.3668340000000008E+00  0.0000000000000000E+00  0.0000000000000000E+00 -1.2535654370778790E+00 -1.2152316455599883E+00
  2.2000000000000000E+01  1.0000000000000000E+00  8.8534140000000008E+00  0.0000000000000000E+00  1.0000000000000000E+00 -1.0559304320145511E+00 -1.3940232523188529E+00
  2.2000000000000000E+01  4.0000000000000000E+00  5.3018270000000003E+00  0.0000000000000000E+00  0.0000000000000000E+00 -5.4318853503372155E-01 -1.4795801993279551E+00
  2.2000000000000000E+01  4.0000000000000000E+00  6.4858659999999997E+00  0.0000000000000000E+00  1.0000000000000000E+00  3.0416787211906321E-01 -1.3254663169621277E+00
  2.2000000000000000E+01  1.2000000000000000E+01  0.0000000000000000E+00  1.0000000000000000E+00  0.0000000000000000E+00  0.0000000000000000E+00  0.0000000000000000E+00
  2.2000000000000000E+01  1.3000000000000000E+01  1.0531969999999999E+01  0.0000000000000000E+00  0.0000000000000000E+00  8.2565469243832756E-01 -8.7830603273854424E-01
  2.2000000000000000E+01  1.3000000000000000E+01  1.2290594000000000E+01  0.0000000000000000E+00  1.0000000000000000E+00  1.5632236465153246E+00 -6.9730376729959209E-01
  2.2000000000000000E+01  2.4000000000000000E+01  1.9238630000000001E+00  0.0000000000000000E+00  0.0000000000000000E+00 -1.1977868694064218E+00 -1.3666732104788406E+00
  2.2000000000000000E+01  2.4000000000000000E+01  1.9709010000000000E+00  0.0000000000000000E+00  1.0000000000000000E+00 -5.1865693263367385E-01 -1.3650334819708061E+00
  2.3000000000000000E+01  0.0000000000000000E+00  0.0000000000000000E+00  1.0000000000000000E+00  0.0000000000000000E+00  0.0000000000000000E+00  0.0000000000000000E+00
  2.3000000000000000E+01  1.0000000000000000E+00  9.7667950000000001E+00  0.0000000000000000E+00  0.0000000000000000E+00  1.4720773188013661E+00  1.4334669499791388E+00
  2.3000000000000000E+01  1.0000000000000000E+00  5.4385260000000004E+00  0.0000000000000000E+00  1.0000000000000000E+00 -5.5484600100683423E-01  1.0398227996404516E-02
  2.3000000000000000E+01  4.0000000000000000E+00  6.4216720000000000E+00  0.0000000000000000E+00  0.0000000000000000E+00 -9.0776952961450819E-01 -2.5727082173700599E-01
  2.3000000000000000E+01  4.0000000000000000E+00  1.0908471000000000E+01  0.0000000000000000E+00  1.0000000000000000E+00  1.6746648877330517E+00  6.5816621545056808E-01
  2.3000000000000000E+01  1.2000000000000000E+01  0.0000000000000000E+00  1.0000000000000000E+00  0.0000000000000000E+00  0.0000000000000000E+00  0.0000000000000000E+00
  2.3000000000000000E+01  1.3000000000000000E+01  1.2134556999999999E+01  0.0000000000000000E+00  0.0000000000000000E+00 -2.4817371819398826E-01  2.8953820928098778E-01
  2.3000000000000000E+01  1.3000000000000000E+01  1.5922126000000000E+01  0.0000000000000000E+00  1.0000000000000000E+00  1.1169867285653430E+00  7.5878576881550053E-01
  2.3000000000000000E+01  2.4000000000000000E+01  4.5266299999999999E+00  0.0000000000000000E+00  0.0000000000000000E+00 -1.1675210808951697E+00  3.6628236812119447E-01
  2.3000000000000000E+01  2.4000000000000000E+01  5.7225250000000001E+00  0.0000000000000000E+00  1.0000000000000000E+00  4.4682696557987911E-01  4.6377994114120263E-01
  2.4000000000000000E+01  0.0000000000000000E+00  0.0000000000000000E+00  1.0000000000000000E+00  0.0000000000000000E+00  0.0000000000000000E+00  0.0000000000000000E+00
  2.4000000000000000E+01  1.0000000000000000E+00  9.6091429999999995E+00  0.0000000000000000E+00  0.0000000000000000E+00  1.1503493805157039E+00  1.1321812216113403E+00
  2.4000000000000000E+01  1.0000000000000000E+00  5.0583030000000004E+00  0.0000000000000000E+00  1.0000000000000000E+00 -9.8423496120682541E-01 -5.0700693780080630E-01
  2.4000000000000000E+01  4.0000000000000000E+00  6.9684410000000003E+00  0.0000000000000000E+00  0.0000000000000000E+00  4.8172684997584814E-01  3.5479907700679014E-01
  2.4000000000000000E+01  4.0000000000000000E+00  6.7211679999999996E+00  0.0000000000000000E+00  1.0000000000000000E+00  1.0799456945082889E-01  3.0101200666608963E-01
  2.4000000000000000E+01  1.2000000000000000E+01  0.0000000000000000E+00  1.0000000000000000E+00  0.0000000000000000E+00  0.0000000000000000E+00  0.0000000000000000E+00
  2.4000000000000000E+01  1.3000000000000000E+01  1.2515876000000000E+01  0.0000000000000000E+00  0.0000000000000000E+00  4.5237340905160289E-01  5.3973731132009628E-01
  2.4000000000000000E+01  1.3000000000000000E+01  1.0533557999999999E+01  0.0000000000000000E+00  1.0000000000000000E+00 -2.7020830963578751E-01  3.0944217536435997E-01
  2.4000000000000000E+01  2.4000000000000000E+01  4.4758110000000002E+00  0.0000000000000000E+00  0.0000000000000000E+00 -3.8937332721077034E-01  3.2620034416165156E-01
  2.4000000000000000E+01  2.4000000000000000E+01  2.3604310000000002E+00  0.0000000000000000E+00  1.0000000000000000E+00 -1.7928306956083053E+00  1.2709345207512804E-01
  2.5000000000000000E+01  0.0000000000000000E+00  0.0000000000000000E+00  1.0000000000000000E+00  0.0000000000000000E+00  0.0000000000000000E+00  0.0000000000000000E+00
  2.5000000000000000E+01  1.0000000000000000E+00  8.8618089999999992E+00  0.0000000000000000E+00  0.0000000000000000E+00 -2.8323069478134116E-01 -2.8636848843735518E-01
  2.5000000000000000E+01  1.0000000000000000E+00  8.2037329999999997E+00  0.0000000000000000E+00  1.0000000000000000E+00 -5.8581476627871043E-01 -6.7985779493490162E-01
  2.5000000000000000E+01  4.0000000000000000E+00  6.4193670000000003E+00  0.0000000000000000E+00  0.0000000000000000E+00  2.6631061290562419E-01 -2.8568354442603455E-01
  2.5000000000000000E+01  4.0000000000000000E+00  6.5621489999999998E+00  0.0000000000000000E+00  1.0000000000000000E+00  2.2625898022573132E-01 -2.8523554544170060E-01
  2.5000000000000000E+01  1.2000000000000000E+01  0.0000000000000000E+00  1.0000000000000000E+00  0.0000000000000000E+00  0.0000000000000000E+00  0.0000000000000000E+00
  2.5000000000000000E+01  1.3000000000000000E+01  1.2367901000000000E+01  0.0000000000000000E+00  0.0000000000000000E+00  1.3469386256290545E+00  4.1284955708843407E-01
  2.5000000000000000E+01  1.3000000000000000E+01  3.9970270000000001E+00  0.0000000000000000E+00  1.0000000000000000E+00 -1.6164363694069837E+00 -6.0145010014016220E-01
  2.5000000000000000E+01  2.4000000000000000E+01  3.5538010000000000E+00  0.0000000000000000E+00  0.0000000000000000E+00  8.6586747928319788E-02 -1.9991358310544868E-01
  2.5000000000000000E+01  2.4000000000000000E+01  3.7360250000000002E+00  0.0000000000000000E+00  1.0000000000000000E+00  1.6619944011295490E-01 -1.8260447098022584E-01
  2.6000000000000000E+01  0.0000000000000000E+00  0.0000000000000000E+00  1.0000000000000000E+00  0.0000000000000000E+00  0.0000000000000000E+00  0.0000000000000000E+00
  2.6000000000000000E+01  1.0000000000000000E+00  8.0144339999999996E+00  0.0000000000000000E+00  0.0000000000000000E+00 -1.8250068216993980E+00 -1.8718692187464949E+00
  2.6000000000000000E+01  1.0000000000000000E+00  1.1516923000000000E+01  0.0000000000000000E+00  1.0000000000000000E+00 -3.5712263476298167E-01 -1.0234806856185090E+00
  2.6000000000000000E+01  4.0000000000000000E+00  5.0614610000000004E+00  0.0000000000000000E+00  0.0000000000000000E+00 -1.0803193418944692E+00 -1.7508968335541495E+00
  2.6000000000000000E+01  4.0000000000000000E+00  6.5144880000000001E+00  0.0000000000000000E+00  1.0000000000000000E+00  1.6619944011295490E-01 -1.5537084532255423E+00
  2.6000000000000000E+01  1.2000000000000000E+01  0.0000000000000000E+00  1.0000000000000000E+00  0.0000000000000000E+00  0.0000000000000000E+00  0.0000000000000000E+00
  2.6000000000000000E+01  1.3000000000000000E+01  9.9592569999999991E+00  0.0000000000000000E+00  0.0000000000000000E+00  4.5654238409034664E-01 -1.3330542585430425E+00
  2.6000000000000000E+01  1.3000000000000000E+01  9.6204110000000007E+00  0.0000000000000000E+00  1.0000000000000000E+00  4.1246312943847568E-01 -1.4599434562929654E+00
  2.6000000000000000E+01  2.4000000000000000E+01  1.6187830000000001E+00  0.0000000000000000E+00  0.0000000000000000E+00  2.5334710285999862E-01 -1.6723536525353704E+00
  2.6000000000000000E+01  2.4000000000000000E+01  1.2643380000000000E+00  0.0000000000000000E+00  1.0000000000000000E+00 -2.0957422271927612E-01 -1.7372823383042282E+00
  2.7000000000000000E+01  0.0000000000000000E+00  0.0000000000000000E+00  1.0000000000000000E+00  0.0000000000000000E+00  0.0000000000000000E+00  0.0000000000000000E+00
  2.7000000000000000E+01  1.0000000000000000E+00  8.4279609999999998E+00  0.0000000000000000E+00  0.0000000000000000E+00 -1.2081228794953496E+00 -1.1182362423491177E+00
  2.7000000000000000E+01  1.0000000000000000E+00  1.0625968000000000E+01  0.0000000000000000E+00  1.0000000000000000E+00 -1.3830420796226428E-01 -5.8281415974826289E-01
  2.7000000000000000E+01  4.0000000000000000E+00  6.5230340000000000E+00  0.0000000000000000E+00  0.0000000000000000E+00  5.6952486765934895E-01 -2.2211950878439182E-01
  2.7000000000000000E+01  4.0000000000000000E+00  5.2665600000000001E+00  0.0000000000000000E+00  1.0000000000000000E+00 -2.1726735015102625E-01 -5.0137865884760158E-01
  2.7000000000000000E+01  1.2000000000000000E+01  0.0000000000000000E+00  1.0000000000000000E+00  0.0000000000000000E+00  0.0000000000000000E+00  0.0000000000000000E+00
  2.7000000000000000E+01  1.3000000000000000E+01  1.0539955000000001E+01  0.0000000000000000E+00  0.0000000000000000E+00 -1.1926665261553751E+00 -9.0785967751733876E-01
  2.7000000000000000E+01  1.3000000000000000E+01  1.2324268000000000E+01  0.0000000000000000E+00  1.0000000000000000E+00 -6.5107201603282128E-01 -7.3023808923495392E-01
  2.7000000000000000E+01  2.4000000000000000E+01  2.7200430000000000E+00  0.0000000000000000E+00  0.0000000000000000E+00 -7.6545609592715846E-01 -8.1015846035260231E-01
  2.7000000000000000E+01  2.4000000000000000E+01  2.0719609999999999E+00  0.0000000000000000E+00  1.0000000000000000E+00 -8.6689416595051516E-01 -8.8140867397718636E-01
  2.8000000000000000E+01  0.0000000000000000E+00  0.0000000000000000E+00  1.0000000000000000E+00  0.0000000000000000E+00  0.0000000000000000E+00  0.0000000000000000E+00
  2.8000000000000000E+01  1.0000000000000000E+00  9.5640319999999992E+00  0.0000000000000000E+00  0.0000000000000000E+00  1.0713768904117258E+00  1.0380884352628497E+00
  2.8000000000000000E+01  1.0000000000000000E+00  7.5238050000000003E+00  0.0000000000000000E+00  1.0000000000000000E+00  1.2060993414715912E-01  4.8081552522204829E-01
  2.8000000000000000E+01  4.0000000000000000E+00  6.7897290000000003E+00  0.0000000000000000E+00  0.0000000000000000E+00 -5.4173656072325105E-01  1.1892298666695358E-01
  2.8000000000000000E+01  4.0000000000000000E+00  7.5157119999999997E+00  0.0000000000000000E+00  1.0000000000000000E+00  8.5328794940444264E-02  2.6566094267311841E-01
  2.8000000000000000E+01  1.2000000000000000E+01  0.0000000000000000E+00  1.0000000000000000E+00  0.0000000000000000E+00  0.0000000000000000E+00  0.0000000000000000E+00
  2.8000000000000000E+01  1.3000000000000000E+01  1.2494967000000001E+01  0.0000000000000000E+00  0.0000000000000000E+00  4.3026896516549923E-01  5.0815225044721812E-01
  2.8000000000000000E+01  1.3000000000000000E+01  6.5543050000000003E+00  0.0000000000000000E+00  1.0000000000000000E+00 -1.7928306956083053E+00 -2.3166051289465028E-01
  2.8000000000000000E+01  2.4000000000000000E+01  4.8756709999999996E+00  0.0000000000000000E+00  0.0000000000000000E+00  1.4050715612141451E+00  5.4101830056283517E-01
  2.8000000000000000E+01  2.4000000000000000E+01  3.0518719999999999E+00  0.0000000000000000E+00  1.0000000000000000E+00 -7.6042597719403360E-01  3.6070958674260706E-01
  2.9000000000000000E+01  0.0000000000000000E+00  0.0000000000000000E+00  1.0000000000000000E+00  0.0000000000000000E+00  0.0000000000000000E+00  0.0000000000000000E+00
  2.9000000000000000E+01  1.0000000000000000E+00  9.2256260000000001E+00  0.0000000000000000E+00  0.0000000000000000E+00  4.1792767169647277E-01  3.7803432571994855E-01
  2.9000000000000000E+01  1.0000000000000000E+00  1.0944604000000000E+01  0.0000000000000000E+00  1.0000000000000000E+00  1.2372345978880226E+00  1.2857234082935800E+00
  2.9000000000000000E+01  4.0000000000000000E+00  6.8410080000000004E+00  0.0000000000000000E+00  0.0000000000000000E+00 -8.5238579716819884E-01  1.5178337084543175E-01
  2.9000000000000000E+01  4.0000000000000000E+00  4.3730399999999996E+00  0.0000000000000000E+00  1.0000000000000000E+00 -1.7335385048517880E+00 -3.5144272478680583E-01
  2.9000000000000000E+01  1.2000000000000000E+01  0.0000000000000000E+00  1.0000000000000000E+00  0.0000000000000000E+00  0.0000000000000000E+00  0.0000000000000000E+00
  2.9000000000000000E+01  1.3000000000000000E+01  1.2586513000000000E+01  0.0000000000000000E+00  0.0000000000000000E+00  1.2988366313589577E+00  5.3177662838542950E-01
  2.9000000000000000E+01  1.3000000000000000E+01  5.4543189999999999E+00  0.0000000000000000E+00  1.0000000000000000E+00 -1.2590839790123696E+00 -3.2323503212769467E-01
  2.9000000000000000E+01  2.4000000000000000E+01  3.7186200000000000E+00  0.0000000000000000E+00  0.0000000000000000E+00 -5.0294918438818725E-01 -1.4178168360299817E-01
  2.9000000000000000E+01  2.4000000000000000E+01  3.4339750000000002E+00  0.0000000000000000E+00  1.0000000000000000E+00 -5.0722066109791186E-01 -1.6908643938128881E-01
  3.0000000000000000E+01  0.0000000000000000E+00  0.0000000000000000E+00  1.0000000000000000E+00  0.0000000000000000E+00  0.0000000000000000E+00  0.0000000000000000E+00
  3.0000000000000000E+01  1.0000000000000000E+00  9.1065240000000003E+00  0.0000000000000000E+00  0.0000000000000000E+00  2.4429804148779721E-01  1.8098903770698938E-01
  3.0000000000000000E+01  1.0000000000000000E+00  8.4550950000000000E+00  0.0000000000000000E+00  1.0000000000000000E+00 -1.2313524775936797E-01 -6.6989829838884907E-02
  3.0000000000000000E+01  4.0000000000000000E+00  6.2193319999999996E+00  0.0000000000000000E+00  0.0000000000000000E+00 -7.3391589274012781E-01 -4.9931445091528309E-01
  3.0000000000000000E+01  4.0000000000000000E+00  6.2172729999999996E+00  0.0000000000000000E+00  1.0000000000000000E+00 -3.3980949072579891E-01 -5.3398742364669161E-01
  3.0000000000000000E+01  1.2000000000000000E+01  0.0000000000000000E+00  1.0000000000000000E+00  0.0000000000000000E+00  0.0000000000000000E+00  0.0000000000000000E+00
  3.0000000000000000E+01  1.3000000000000000E+01  1.1334505999999999E+01  0.0000000000000000E+00  0.0000000000000000E+00  2.0445238138022298E-01 -2.7549192074857987E-01
  3.0000000000000000E+01  1.3000000000000000E+01  7.2338100000000001E+00  0.0000000000000000E+00  1.0000000000000000E+00 -1.3285393279986855E+00 -8.2041295489347410E-01
  3.0000000000000000E+01  2.4000000000000000E+01  2.8969990000000001E+00  0.0000000000000000E+00  0.0000000000000000E+00 -2.0189347899215257E-01 -6.0667005820622566E-01
  3.0000000000000000E+01  2.4000000000000000E+01  2.1653090000000002E+00  0.0000000000000000E+00  1.0000000000000000E+00 -7.9433574406899332E-01 -6.9823394478076495E-01
