TABLE NO.  1
 ID                      TIME                    DV                      MDV                     NPDE                    NPD
  1.0000000000000000E+00  0.0000000000000000E+00  0.0000000000000000E+00  1.0000000000000000E+00  0.0000000000000000E+00  0.0000000000000000E+00
  1.0000000000000000E+00  1.0000000000000000E+00  1.0524872999999999E+01  0.0000000000000000E+00  1.4795252066851079E+00  1.4435620599805461E+00
  1.0000000000000000E+00  2.0000000000000000E+00  8.0520720000000008E+00  0.0000000000000000E+00 -2.5464150376844163E-01 -3.9858696354324777E-02
  1.0000000000000000E+00  4.0000000000000000E+00  6.0665630000000004E+00  0.0000000000000000E+00 -8.3449873395137808E-01 -5.1690800817284832E-01
  1.0000000000000000E+00  8.0000000000000000E+00  3.6982919999999999E+00  0.0000000000000000E+00 -6.4643141659279846E-01 -6.4642793889738859E-01
  1.0000000000000000E+00  1.2000000000000000E+01  0.0000000000000000E+00  1.0000000000000000E+00  0.0000000000000000E+00  0.0000000000000000E+00
  1.0000000000000000E+00  1.3000000000000000E+01  1.0125840999999999E+01  0.0000000000000000E+00 -5.9177689116570920E-01 -7.7381819161226051E-01
  1.0000000000000000E+00  1.6000000000000000E+01  8.4423429999999993E+00  0.0000000000000000E+00  6.7448975022341950E-01 -6.2977837297671826E-02
  1.0000000000000000E+00  2.4000000000000000E+01  2.7607059999999999E+00  0.0000000000000000E+00 -6.2495590391375500E-01 -6.8434190016972285E-01
  2.0000000000000000E+00  0.0000000000000000E+00  0.0000000000000000E+00  1.0000000000000000E+00  0.0000000000000000E+00  0.0000000000000000E+00
  2.0000000000000000E+00  1.0000000000000000E+00  1.0894106000000001E+01  0.0000000000000000E+00  1.7279343231725564E+00  1.7845291659539060E+00
  2.0000000000000000E+00  2.0000000000000000E+00  8.3323169999999998E+00  0.0000000000000000E+00 -2.3815219635312131E-02  2.2630820661639339E-01
  2.0000000000000000E+00  4.0000000000000000E+00  7.1715590000000002E+00  0.0000000000000000E+00  2.0701262322169461E-01  5.4135908163007918E-01
  2.0000000000000000E+00  8.0000000000000000E+00  6.1450659999999999E+00  0.0000000000000000E+00  1.3819078416314168E+00  1.4967665677860047E+00
  2.0000000000000000E+00  1.2000000000000000E+01  0.0000000000000000E+00  1.0000000000000000E+00  0.0000000000000000E+00  0.0000000000000000E+00
  2.0000000000000000E+00  1.3000000000000000E+01  1.5073287000000001E+01  0.0000000000000000E+00  1.0581216188600364E+00  1.5539447668834920E+00
  2.0000000000000000E+00  1.6000000000000000E+01  1.2885870000000001E+01  0.0000000000000000E+00  1.5632236465153246E+00  1.9140896698298839E+00
  2.0000000000000000E+00  2.4000000000000000E+01  6.8285850000000003E+00  0.0000000000000000E+00  1.0673401084258612E-01  1.4792421209421345E+00
  3.0000000000000000E+00  0.0000000000000000E+00  0.0000000000000000E+00  1.0000000000000000E+00  0.0000000000000000E+00  0.0000000000000000E+00
  3.0000000000000000E+00  1.0000000000000000E+00  8.4561130000000002E+00  0.0000000000000000E+00 -5.6952486765934895E-01 -5.3476078157984086E-01
  3.0000000000000000E+00  2.0000000000000000E+00  7.4502509999999997E+00  0.0000000000000000E+00 -6.3412384888083007E-01 -6.9090742736044386E-01
  3.0000000000000000E+00  4.0000000000000000E+00  5.0109029999999999E+00  0.0000000000000000E+00 -1.4325027222345050E+00 -1.6383437437849848E+00
  3.0000000000000000E+00  8.0000000000000000E+00  4.0599780000000001E+00  0.0000000000000000E+00  1.1800005399340499E+00 -4.1493073822327026E-01
  3.0000000000000000E+00  1.2000000000000000E+01  0.0000000000000000E+00  1.0000000000000000E+00  0.0000000000000000E+00  0.0000000000000000E+00
  3.0000000000000000E+00  1.3000000000000000E+01  9.0532029999999999E+00  0.0000000000000000E+00 -1.1216765285460197E+00 -1.4535829550884265E+00
  3.0000000000000000E+00  1.6000000000000000E+01  5.6068819999999997E+00  0.0000000000000000E+00 -1.5423029191544890E+00 -1.7479329331435693E+00
  3.0000000000000000E+00  2.4000000000000000E+01  2.0008640000000000E+00  0.0000000000000000E+00 -2.8192632926938055E-01 -1.2625751316516007E+00
  4.0000000000000000E+00  0.0000000000000000E+00  0.0000000000000000E+00  1.0000000000000000E+00  0.0000000000000000E+00  0.0000000000000000E+00
  4.0000000000000000E+00  1.0000000000000000E+00  8.7455160000000003E+00  0.0000000000000000E+00 -1.7892066018247335E-01 -2.5041838203045591E-01
  4.0000000000000000E+00  2.0000000000000000E+00  9.3762310000000006E+00  0.0000000000000000E+00  1.3076265697978930E+00  1.2407298501066204E+00
  4.0000000000000000E+00  4.0000000000000000E+00  7.8107579999999999E+00  0.0000000000000000E+00  8.0989591382397430E-01  1.1517297588249067E+00
  4.0000000000000000E+00  8.0000000000000000E+00  8.2648390000000003E+00  0.0000000000000000E+00  2.8070337701141299E+00  3.1222310202251506E+00
  4.0000000000000000E+00  1.2000000000000000E+01  0.0000000000000000E+00  1.0000000000000000E+00  0.0000000000000000E+00  0.0000000000000000E+00
  4.0000000000000000E+00  1.3000000000000000E+01  1.2464776000000001E+01  0.0000000000000000E+00 -1.7506860728524558E+00  3.8832496944609274E-01
  4.0000000000000000E+00  1.6000000000000000E+01  1.1544691000000000E+01  0.0000000000000000E+00 -1.3315746480518262E+00  1.3520704706370570E+00
  4.0000000000000000E+00  2.4000000000000000E+01  9.8790220000000009E+00  0.0000000000000000E+00  2.2571292436146693E+00  2.5287977180743990E+00
  5.0000000000000000E+00  0.0000000000000000E+00  0.0000000000000000E+00  1.0000000000000000E+00  0.0000000000000000E+00  0.0000000000000000E+00
  5.0000000000000000E+00  1.0000000000000000E+00  9.0744989999999994E+00  0.0000000000000000E+00  5.5173802188842415E-02  7.3643035813254085E-02
  5.0000000000000000E+00  2.0000000000000000E+00  6.6279930000000000E+00  0.0000000000000000E+00 -1.6797806556597126E+00 -1.5390592211851266E+00
  5.0000000000000000E+00  4.0000000000000000E+00  6.4334030000000002E+00  0.0000000000000000E+00  4.9868686461645828E-01 -1.7219107603604406E-01
  5.0000000000000000E+00  8.0000000000000000E+00  4.1322729999999996E+00  0.0000000000000000E+00  2.2754497642380336E-01 -2.9217489593685347E-01
  5.0000000000000000E+00  1.2000000000000000E+01  0.0000000000000000E+00  1.0000000000000000E+00  0.0000000000000000E+00  0.0000000000000000E+00
  5.0000000000000000E+00  1.3000000000000000E+01  9.7428270000000001E+00  0.0000000000000000E+00 -9.8423496120682541E-01 -1.0125904104730457E+00
  5.0000000000000000E+00  1.6000000000000000E+01  8.6078790000000005E+00  0.0000000000000000E+00  6.1281299150422031E-01  2.0895173740379774E-02
  5.0000000000000000E+00  2.4000000000000000E+01  2.8027050000000000E+00  0.0000000000000000E+00 -8.3627537967922438E-01 -6.7339316995503185E-01
  6.0000000000000000E+00  0.0000000000000000E+00  0.0000000000000000E+00  1.0000000000000000E+00  0.0000000000000000E+00  0.0000000000000000E+00
  6.0000000000000000E+00  1.0000000000000000E+00  9.6779899999999994E+00  0.0000000000000000E+00  6.9030882381109471E-01  6.4917369179305973E-01
  6.0000000000000000E+00  2.0000000000000000E+00  7.6164160000000001E+00  0.0000000000000000E+00 -6.2039160251541625E-01 -4.9745694116031686E-01
  6.0000000000000000E+00  4.0000000000000000E+00  6.8980699999999997E+00  0.0000000000000000E+00  4.6769879942903292E-01  2.9157341622539829E-01
  6.0000000000000000E+00  8.0000000000000000E+00  5.2344759999999999E+00  0.0000000000000000E+00  8.9273332388747972E-01  6.9798267092531130E-01
  6.0000000000000000E+00  1.2000000000000000E+01  0.0000000000000000E+00  1.0000000000000000E+00  0.0000000000000000E+00  0.0000000000000000E+00
  6.0000000000000000E+00  1.3000000000000000E+01  9.6931010000000004E+00  0.0000000000000000E+00 -1.7506860728524558E+00 -1.0558389293014074E+00
  6.0000000000000000E+00  1.6000000000000000E+01  1.1023310000000000E+01  0.0000000000000000E+00  1.5023761212773901E+00  1.1619066666593187E+00
  6.0000000000000000E+00  2.4000000000000000E+01  4.8336100000000002E+00  0.0000000000000000E+00 -2.9368319046353791E-01  5.1698548855344528E-01
  7.0000000000000000E+00  0.0000000000000000E+00  0.0000000000000000E+00  1.0000000000000000E+00  0.0000000000000000E+00  0.0000000000000000E+00
  7.0000000000000000E+00  1.0000000000000000E+00  7.0615620000000003E+00  0.0000000000000000E+00 -1.9268365737674342E+00 -1.8859559624121964E+00
  7.0000000000000000E+00  2.0000000000000000E+00  8.6956659999999992E+00  0.0000000000000000E+00  8.5058486386828169E-01  5.8809544858245255E-01
  7.0000000000000000E+00  4.0000000000000000E+00  6.2616670000000001E+00  0.0000000000000000E+00 -3.1336943856079585E-01 -3.4686058809291059E-01
  7.0000000000000000E+00  8.0000000000000000E+00  4.7481640000000001E+00  0.0000000000000000E+00  8.5238579716819896E-01  2.3515804561603565E-01
  7.0000000000000000E+00  1.2000000000000000E+01  0.0000000000000000E+00  1.0000000000000000E+00  0.0000000000000000E+00  0.0000000000000000E+00
  7.0000000000000000E+00  1.3000000000000000E+01  9.1500620000000001E+00  0.0000000000000000E+00 -1.7223838908042672E+00 -1.3494084693787651E+00
  7.0000000000000000E+00  1.6000000000000000E+01  8.1067780000000003E+00  0.0000000000000000E+00 -3.1336943856079585E-01 -2.4070760711508327E-01
  7.0000000000000000E+00  2.4000000000000000E+01  4.4312909999999999E+00  0.0000000000000000E+00  9.6010971451004634E-01  2.7701554442693632E-01
  8.0000000000000000E+00  0.0000000000000000E+00  0.0000000000000000E+00  1.0000000000000000E+00  0.0000000000000000E+00  0.0000000000000000E+00
  8.0000000000000000E+00  1.0000000000000000E+00  8.7419429999999991E+00  0.0000000000000000E+00 -2.1855077683200189E-01 -2.5149914009301533E-01
  8.0000000000000000E+00  2.0000000000000000E+00  6.9799790000000002E+00  0.0000000000000000E+00 -1.1287578456944369E+00 -1.1733127231758371E+00
  8.0000000000000000E+00  4.0000000000000000E+00  6.2307189999999997E+00  0.0000000000000000E+00  1.1177728324782575E-01 -3.9294351670808658E-01
  8.0000000000000000E+00  8.0000000000000000E+00  3.1083639999999999E+00  0.0000000000000000E+00 -1.0342913071898070E+00 -1.2063116709781778E+00
  8.0000000000000000E+00  1.2000000000000000E+01  0.0000000000000000E+00  1.0000000000000000E+00  0.0000000000000000E+00  0.0000000000000000E+00
  8.0000000000000000E+00  1.3000000000000000E+01  1.3056018999999999E+01  0.0000000000000000E+00  1.5804668175103158E+00  6.6805237477114865E-01
  8.0000000000000000E+00  1.6000000000000000E+01  6.8048549999999999E+00  0.0000000000000000E+00 -3.9749835405329637E-01 -9.9045084983207710E-01
  8.0000000000000000E+00  2.4000000000000000E+01  3.3482449999999999E+00  0.0000000000000000E+00  1.0407318876403140E+00 -3.5296359321893861E-01
  9.0000000000000000E+00  0.0000000000000000E+00  0.0000000000000000E+00  1.0000000000000000E+00  0.0000000000000000E+00  0.0000000000000000E+00
  9.0000000000000000E+00  1.0000000000000000E+00  9.2011070000000004E+00  0.0000000000000000E+00  1.6619944011295490E-01  1.9034966869857914E-01
  9.0000000000000000E+00  2.0000000000000000E+00  9.9398669999999996E+00  0.0000000000000000E+00  1.7006964607404138E+00  1.7797134018823686E+00
  9.0000000000000000E+00  4.0000000000000000E+00  7.2613329999999996E+00  0.0000000000000000E+00 -6.8986959027656308E-02  6.2388062485849227E-01
  9.0000000000000000E+00  8.0000000000000000E+00  5.6830449999999999E+00  0.0000000000000000E+00  4.4544250647724187E-01  1.0709757105633217E+00
  9.0000000000000000E+00  1.2000000000000000E+01  0.0000000000000000E+00  1.0000000000000000E+00  0.0000000000000000E+00  0.0000000000000000E+00
  9.0000000000000000E+00  1.3000000000000000E+01  1.4919414000000000E+01  0.0000000000000000E+00  1.1216765285460197E+00  1.4828797969867760E+00
  9.0000000000000000E+00  1.6000000000000000E+01  1.0494946000000001E+01  0.0000000000000000E+00 -2.4300696715582201E-01  8.9689976966977225E-01
  9.0000000000000000E+00  2.4000000000000000E+01  6.0823250000000000E+00  0.0000000000000000E+00  2.9630129083243728E-01  1.1117774261785032E+00
  1.0000000000000000E+01  0.0000000000000000E+00  0.0000000000000000E+00  1.0000000000000000E+00  0.0000000000000000E+00  0.0000000000000000E+00
  1.0000000000000000E+01  1.0000000000000000E+00  8.5648269999999993E+00  0.0000000000000000E+00 -4.0837279932515663E-01 -4.1147081149626985E-01
  1.0000000000000000E+01  2.0000000000000000E+00  6.9422069999999998E+00  0.0000000000000000E+00 -1.1146510156540053E+00 -1.1857392145291747E+00
  1.0000000000000000E+01  4.0000000000000000E+00  5.3350160000000004E+00  0.0000000000000000E+00 -8.2741831980979663E-01 -1.2587929080018458E+00
  1.0000000000000000E+01  8.0000000000000000E+00  2.3953329999999999E+00  0.0000000000000000E+00 -1.1700024072740012E+00 -1.7111419019563503E+00
  1.0000000000000000E+01  1.2000000000000000E+01  0.0000000000000000E+00  1.0000000000000000E+00  0.0000000000000000E+00  0.0000000000000000E+00
  1.0000000000000000E+01  1.3000000000000000E+01  9.6559130000000000E+00  0.0000000000000000E+00  7.5199557069946764E-03 -1.0547628651360266E+00
  1.0000000000000000E+01  1.6000000000000000E+01  5.3054209999999999E+00  0.0000000000000000E+00 -5.4609592674979102E-01 -1.8540918045739399E+00
  1.0000000000000000E+01  2.4000000000000000E+01  1.7573780000000001E+00  0.0000000000000000E+00  7.4049449485287844E-01 -1.3644412612583956E+00
  1.1000000000000000E+01  0.0000000000000000E+00  0.0000000000000000E+00  1.0000000000000000E+00  0.0000000000000000E+00  0.0000000000000000E+00
  1.1000000000000000E+01  1.0000000000000000E+00  9.1301930000000002E+00  0.0000000000000000E+00  1.3830420796226442E-01  1.3171660564932899E-01
  1.1000000000000000E+01  2.0000000000000000E+00  9.1694630000000004E+00  0.0000000000000000E+00  1.0758373621482580E+00  1.0590738940479127E+00
  1.1000000000000000E+01  4.0000000000000000E+00  4.8625119999999997E+00  0.0000000000000000E+00 -2.4837692956923445E+00 -1.7144425468533526E+00
  1.1000000000000000E+01  8.0000000000000000E+00  3.8761679999999998E+00  0.0000000000000000E+00  5.4464165541461285E-01 -5.1896734045235071E-01
  1.1000000000000000E+01  1.2000000000000000E+01  0.0000000000000000E+00  1.0000000000000000E+00  0.0000000000000000E+00  0.0000000000000000E+00
  1.1000000000000000E+01  1.3000000000000000E+01  1.0541795000000000E+01  0.0000000000000000E+00 -2.0189347899215257E-01 -5.5879998714621204E-01
  1.1000000000000000E+01  1.6000000000000000E+01  6.1928700000000001E+00  0.0000000000000000E+00 -1.2081228794953496E+00 -1.2987561409556989E+00
  1.1000000000000000E+01  2.4000000000000000E+01  2.1803629999999998E+00  0.0000000000000000E+00 -4.8877641154186069E-01 -1.0747616956143586E+00
  1.2000000000000000E+01  0.0000000000000000E+00  0.0000000000000000E+00  1.0000000000000000E+00  0.0000000000000000E+00  0.0000000000000000E+00
  1.2000000000000000E+01  1.0000000000000000E+00  9.4065610000000000E+00  0.0000000000000000E+00  4.2340472245186006E-01  3.9756705595821829E-01
  1.2000000000000000E+01  2.0000000000000000E+00  8.1445240000000005E+00  0.0000000000000000E+00  2.5068908285867896E-02  5.6884790192867844E-02
  1.2000000000000000E+01  4.0000000000000000E+00  6.3907170000000004E+00  0.0000000000000000E+00 -2.8062244324220675E-01 -1.9476512244279237E-01
  1.2000000000000000E+01  8.0000000000000000E+00  3.9421569999999999E+00  0.0000000000000000E+00 -4.9585034780876630E-01 -4.3177840050368804E-01
  1.2000000000000000E+01  1.2000000000000000E+01  0.0000000000000000E+00  1.0000000000000000E+00  0.0000000000000000E+00  0.0000000000000000E+00
  1.2000000000000000E+01  1.3000000000000000E+01  1.2955908000000001E+01  0.0000000000000000E+00  1.0450497008379913E+00  6.3628732436509572E-01
  1.2000000000000000E+01  1.6000000000000000E+01  9.7278920000000006E+00  0.0000000000000000E+00  1.2081228794953511E+00  5.6071640866713401E-01
  1.2000000000000000E+01  2.4000000000000000E+01  4.2658160000000001E+00  0.0000000000000000E+00  3.1600330409130578E-01  1.9642619719936433E-01
  1.3000000000000000E+01  0.0000000000000000E+00  0.0000000000000000E+00  1.0000000000000000E+00  0.0000000000000000E+00  0.0000000000000000E+00
  1.3000000000000000E+01  1.0000000000000000E+00  9.9051729999999996E+00  0.0000000000000000E+00  8.9273332388747972E-01  8.5417442999714188E-01
  1.3000000000000000E+01  2.0000000000000000E+00  8.7262679999999992E+00  0.0000000000000000E+00  4.9018923214939247E-01  6.0492950417339386E-01
  1.3000000000000000E+01  4.0000000000000000E+00  7.0036500000000004E+00  0.0000000000000000E+00  1.0026681111515301E-02  3.5773420459754179E-01
  1.3000000000000000E+01  8.0000000000000000E+00  4.0992129999999998E+00  0.0000000000000000E+00 -1.1650469221723869E+00 -3.4759427652201530E-01
  1.3000000000000000E+01  1.2000000000000000E+01  0.0000000000000000E+00  1.0000000000000000E+00  0.0000000000000000E+00  0.0000000000000000E+00
  1.3000000000000000E+01  1.3000000000000000E+01  1.1150244000000001E+01  0.0000000000000000E+00 -3.2920598399635020E-01 -2.6260552417640426E-01
  1.3000000000000000E+01  1.6000000000000000E+01  8.2723259999999996E+00  0.0000000000000000E+00 -2.6241695779794777E-01 -1.7132889159589382E-01
  1.3000000000000000E+01  2.4000000000000000E+01  3.9794760000000000E+00  0.0000000000000000E+00  2.6371439792715201E-01 -1.2390419130774936E-03
  1.4000000000000000E+01  0.0000000000000000E+00  0.0000000000000000E+00  1.0000000000000000E+00  0.0000000000000000E+00  0.0000000000000000E+00
  1.4000000000000000E+01  1.0000000000000000E+00  9.2078710000000008E+00  0.0000000000000000E+00  2.0701262322169461E-01  1.8642538265395081E-01
  1.4000000000000000E+01  2.0000000000000000E+00  6.9259399999999998E+00  0.0000000000000000E+00 -1.2480848097660346E+00 -1.2373163286117959E+00
  1.4000000000000000E+01  4.0000000000000000E+00  5.6325750000000001E+00  0.0000000000000000E+00 -6.5107201603282128E-01 -1.0167191220723775E+00
  1.4000000000000000E+01  8.0000000000000000E+00  4.0247729999999997E+00  0.0000000000000000E+00  7.0791185032753068E-01 -4.5292113072898177E-01
  1.4000000000000000E+01  1.2000000000000000E+01  0.0000000000000000E+00  1.0000000000000000E+00  0.0000000000000000E+00  0.0000000000000000E+00
  1.4000000000000000E+01  1.3000000000000000E+01  1.0984275000000000E+01  0.0000000000000000E+00 -4.1371165174092506E-02 -3.6984557526446848E-01
  1.4000000000000000E+01  1.6000000000000000E+01  6.4717760000000002E+00  0.0000000000000000E+00 -1.0825684905755806E+00 -1.1940859672885620E+00
  1.4000000000000000E+01  2.4000000000000000E+01  2.2306699999999999E+00  0.0000000000000000E+00 -7.2736890082934635E-01 -1.1061585314471614E+00
  1.5000000000000000E+01  0.0000000000000000E+00  0.0000000000000000E+00  1.0000000000000000E+00  0.0000000000000000E+00  0.0000000000000000E+00
  1.5000000000000000E+01  1.0000000000000000E+00  8.7066219999999994E+00  0.0000000000000000E+00 -3.1205332170904504E-01 -2.8416322598391325E-01
  1.5000000000000000E+01  2.0000000000000000E+00  7.8869559999999996E+00  0.0000000000000000E+00 -1.2439819809185758E-01 -2.2491961919904210E-01
  1.5000000000000000E+01  4.0000000000000000E+00  6.7792089999999998E+00  0.0000000000000000E+00  3.2391815296772514E-01  1.5283776931505957E-01
  1.5000000000000000E+01  8.0000000000000000E+00  5.8960429999999997E+00  0.0000000000000000E+00  1.8119106741699176E+00  1.2731906133847524E+00
  1.5000000000000000E+01  1.2000000000000000E+01  0.0000000000000000E+00  1.0000000000000000E+00  0.0000000000000000E+00  0.0000000000000000E+00
  1.5000000000000000E+01  1.3000000000000000E+01  1.3247353000000000E+01  0.0000000000000000E+00  2.1726735015102625E-01  7.5471030409195861E-01
  1.5000000000000000E+01  1.6000000000000000E+01  1.0578132000000000E+01  0.0000000000000000E+00  3.8802166609277017E-01  9.3388732975525734E-01
  1.5000000000000000E+01  2.4000000000000000E+01  6.5400780000000003E+00  0.0000000000000000E+00  1.0870832955150920E+00  1.3560647649374911E+00
  1.6000000000000000E+01  0.0000000000000000E+00  0.0000000000000000E+00  1.0000000000000000E+00  0.0000000000000000E+00  0.0000000000000000E+00
  1.6000000000000000E+01  1.0000000000000000E+00  1.0477358000000001E+01  0.0000000000000000E+00  1.3285393279986855E+00  1.3993557337768960E+00
  1.6000000000000000E+01  2.0000000000000000E+00  9.9000920000000008E+00  0.0000000000000000E+00  1.6400248490587350E+00  1.7515862371844848E+00
  1.6000000000000000E+01  4.0000000000000000E+00  8.2970039999999994E+00  0.0000000000000000E+00  7.7388297141833673E-01  1.6221720465895291E+00
  1.6000000000000000E+01  8.0000000000000000E+00  6.5979789999999996E+00  0.0000000000000000E+00  6.1432588665713794E-01  1.9130225464051229E+00
  1.6000000000000000E+01  1.2000000000000000E+01  0.0000000000000000E+00  1.0000000000000000E+00  0.0000000000000000E+00  0.0000000000000000E+00
  1.6000000000000000E+01  1.3000000000000000E+01  1.5914128000000000E+01  0.0000000000000000E+00  1.0537443033116298E+00  1.9076792598789030E+00
  1.6000000000000000E+01  1.6000000000000000E+01  1.1007778000000000E+01  0.0000000000000000E+00 -9.7815028695080786E-01  1.1356277453941848E+00
  1.6000000000000000E+01  2.4000000000000000E+01  8.1882629999999992E+00  0.0000000000000000E+00  1.5101702032160793E+00  2.0754895702663001E+00
  1.7000000000000000E+01  0.0000000000000000E+00  0.0000000000000000E+00  1.0000000000000000E+00  0.0000000000000000E+00  0.0000000000000000E+00
  1.7000000000000000E+01  1.0000000000000000E+00  7.2389789999999996E+00  0.0000000000000000E+00 -1.6595749045305561E+00 -1.7126493553906785E+00
  1.7000000000000000E+01  2.0000000000000000E+00  8.0700710000000004E+00  0.0000000000000000E+00  2.6501228213241546E-01 -2.7388825382439985E-02
  1.7000000000000000E+01  4.0000000000000000E+00  4.6729979999999998E+00  0.0000000000000000E+00 -1.8881933348909201E+00 -1.8826434578485318E+00
  1.7000000000000000E+01  8.0000000000000000E+00  3.5054240000000001E+00  0.0000000000000000E+00  7.8919165178347905E-01 -8.1975035662121543E-01
  1.7000000000000000E+01  1.2000000000000000E+01  0.0000000000000000E+00  1.0000000000000000E+00  0.0000000000000000E+00  0.0000000000000000E+00
  1.7000000000000000E+01  1.3000000000000000E+01  1.0072175000000000E+01  0.0000000000000000E+00 -1.5984903029511321E-01 -8.1619254983127743E-01
  1.7000000000000000E+01  1.6000000000000000E+01  7.8471640000000003E+00  0.0000000000000000E+00  9.9651496505466597E-01 -3.6157731036227886E-01
  1.7000000000000000E+01  2.4000000000000000E+01  1.5720320000000001E+00  0.0000000000000000E+00 -1.2212272210134802E+00 -1.4833074917097282E+00
  1.8000000000000000E+01  0.0000000000000000E+00  0.0000000000000000E+00  1.0000000000000000E+00  0.0000000000000000E+00  0.0000000000000000E+00
  1.8000000000000000E+01  1.0000000000000000E+00  7.1518360000000003E+00  0.0000000000000000E+00 -1.7506860728524558E+00 -1.8075558091661268E+00
  1.8000000000000000E+01  2.0000000000000000E+00  7.3954849999999999E+00  0.0000000000000000E+00 -4.1382810438303436E-01 -7.3283944432535553E-01
  1.8000000000000000E+01  4.0000000000000000E+00  6.4934529999999997E+00  0.0000000000000000E+00  4.3439724238063288E-01 -1.5022305741070066E-01
  1.8000000000000000E+01  8.0000000000000000E+00  4.6497919999999997E+00  0.0000000000000000E+00  8.4878668510563349E-01  1.0649728279943710E-01
  1.8000000000000000E+01  1.2000000000000000E+01  0.0000000000000000E+00  1.0000000000000000E+00  0.0000000000000000E+00  0.0000000000000000E+00
  1.8000000000000000E+01  1.3000000000000000E+01  1.3720988999999999E+01  0.0000000000000000E+00  1.2988366313589577E+00  9.4418245223742381E-01
  1.8000000000000000E+01  1.6000000000000000E+01  9.3448110000000000E+00  0.0000000000000000E+00  4.4959845843624108E-01  3.3341298505409178E-01
  1.8000000000000000E+01  2.4000000000000000E+01  3.8428040000000001E+00  0.0000000000000000E+00 -6.5728139076728131E-01 -1.0179951879163675E-01
  1.9000000000000000E+01  0.0000000000000000E+00  0.0000000000000000E+00  1.0000000000000000E+00  0.0000000000000000E+00  0.0000000000000000E+00
  1.9000000000000000E+01  1.0000000000000000E+00  7.7238550000000004E+00  0.0000000000000000E+00 -1.2265281188774149E+00 -1.2352170248460839E+00
  1.9000000000000000E+01  2.0000000000000000E+00  6.7158110000000004E+00  0.0000000000000000E+00 -1.2291915390393497E+00 -1.4377528862283626E+00
  1.9000000000000000E+01  4.0000000000000000E+00  5.7087380000000003E+00  0.0000000000000000E+00 -1.6874146755704689E-01 -9.1227742038957294E-01
  1.9000000000000000E+01  8.0000000000000000E+00  3.4271189999999998E+00  0.0000000000000000E+00  1.3830420796226442E-01 -9.2000844835835738E-01
  1.9000000000000000E+01  1.2000000000000000E+01  0.0000000000000000E+00  1.0000000000000000E+00  0.0000000000000000E+00  0.0000000000000000E+00
  1.9000000000000000E+01  1.3000000000000000E+01  1.2558157000000000E+01  0.0000000000000000E+00  1.2787077189049347E+00  4.5600475817921859E-01
  1.9000000000000000E+01  1.6000000000000000E+01  7.4620720000000000E+00  0.0000000000000000E+00  2.5334710285999862E-01 -5.8821303191159047E-01
  1.9000000000000000E+01  2.4000000000000000E+01  2.8134009999999998E+00  0.0000000000000000E+00  1.9805759722309468E-01 -6.9168454133436252E-01
  2.0000000000000000E+01  0.0000000000000000E+00  0.0000000000000000E+00  1.0000000000000000E+00  0.0000000000000000E+00  0.0000000000000000E+00
  2.0000000000000000E+01  1.0000000000000000E+00  8.1065400000000007E+00  0.0000000000000000E+00 -8.2037914506134835E-01 -8.6318593739855221E-01
  2.0000000000000000E+01  2.0000000000000000E+00  6.8335619999999997E+00  0.0000000000000000E+00 -1.1800005399340499E+00 -1.3167525423262212E+00
  2.0000000000000000E+01  4.0000000000000000E+00  6.7203780000000002E+00  0.0000000000000000E+00  7.9777684522781134E-01  9.5809232768638286E-02
  2.0000000000000000E+01  8.0000000000000000E+00  4.3396990000000004E+00  0.0000000000000000E+00  2.8584087456025387E-01 -1.3458899790636528E-01
  2.0000000000000000E+01  1.2000000000000000E+01  0.0000000000000000E+00  1.0000000000000000E+00  0.0000000000000000E+00  0.0000000000000000E+00
  2.0000000000000000E+01  1.3000000000000000E+01  1.1928447999999999E+01  0.0000000000000000E+00  2.5723158839733151E-01  1.3365008868575631E-01
  2.0000000000000000E+01  1.6000000000000000E+01  9.2891230000000000E+00  0.0000000000000000E+00  8.2213511791272165E-01  3.3951326941867127E-01
  2.0000000000000000E+01  2.4000000000000000E+01  3.0851400000000000E+00  0.0000000000000000E+00 -1.2453585009323151E+00 -5.2337447862584308E-01
  2.1000000000000000E+01  0.0000000000000000E+00  0.0000000000000000E+00  1.0000000000000000E+00  0.0000000000000000E+00  0.0000000000000000E+00
  2.1000000000000000E+01  1.0000000000000000E+00  8.9191170000000000E+00  0.0000000000000000E+00 -9.2878608829349341E-02 -7.6038413210285663E-02
  2.1000000000000000E+01  2.0000000000000000E+00  9.9228400000000008E+00  0.0000000000000000E+00  1.7743819123445705E+00  1.7753302118587722E+00
  2.1000000000000000E+01  4.0000000000000000E+00  7.4591599999999998E+00  0.0000000000000000E+00  2.1726735015102625E-01  8.2405654334826817E-01
  2.1000000000000000E+01  8.0000000000000000E+00  4.6518590000000000E+00  0.0000000000000000E+00 -1.0691546281481055E+00  1.5169741345653998E-01
  2.1000000000000000E+01  1.2000000000000000E+01  0.0000000000000000E+00  1.0000000000000000E+00  0.0000000000000000E+00  0.0000000000000000E+00
  2.1000000000000000E+01  1.3000000000000000E+01  1.5497536000000000E+01  0.0000000000000000E+00  1.9349209262077942E+00  1.7471303506526814E+00
  2.1000000000000000E+01  1.6000000000000000E+01  9.8558679999999992E+00  0.0000000000000000E+00  3.7608287699910793E-02  6.1460157341676369E-01
  2.1000000000000000E+01  2.4000000000000000E+01  4.4896960000000004E+00  0.0000000000000000E+00 -9.0399132726382136E-01  3.0756156775588900E-01
  2.2000000000000000E+01  0.0000000000000000E+00  0.0000000000000000E+00  1.0000000000000000E+00  0.0000000000000000E+00  0.0000000000000000E+00
  2.2000000000000000E+01  1.0000000000000000E+00  8.1840010000000003E+00  0.0000000000000000E+00 -8.1338038730126117E-01 -7.6935642144579397E-01
  2.2000000000000000E+01  2.0000000000000000E+00  7.7723199999999997E+00  0.0000000000000000E+00 -1.8529201578255003E-01 -3.0025912214796918E-01
  2.2000000000000000E+01  4.0000000000000000E+00  6.8759670000000002E+00  0.0000000000000000E+00  6.4797673188059346E-01  2.9668317673091804E-01
  2.2000000000000000E+01  8.0000000000000000E+00  4.5535680000000003E+00  0.0000000000000000E+00  1.8146831643308650E-01  1.1212714775687189E-01
  2.2000000000000000E+01  1.2000000000000000E+01  0.0000000000000000E+00  1.0000000000000000E+00  0.0000000000000000E+00  0.0000000000000000E+00
  2.2000000000000000E+01  1.3000000000000000E+01  1.2612014000000000E+01  0.0000000000000000E+00  5.1436045803936437E-01  5.0117128920759335E-01
  2.2000000000000000E+01  1.6000000000000000E+01  9.3144629999999999E+00  0.0000000000000000E+00  3.8667071351441518E-01  3.9767661733810650E-01
  2.2000000000000000E+01  2.4000000000000000E+01  3.6103559999999999E+00  0.0000000000000000E+00 -9.9445788408214852E-01 -1.3368359867038612E-01
  2.3000000000000000E+01  0.0000000000000000E+00  0.0000000000000000E+00  1.0000000000000000E+00  0.0000000000000000E+00  0.0000000000000000E+00
  2.3000000000000000E+01  1.0000000000000000E+00  7.0940640000000004E+00  0.0000000000000000E+00 -1.9110356465379881E+00 -1.8610849283298485E+00
  2.3000000000000000E+01  2.0000000000000000E+00  9.8872929999999997E+00  0.0000000000000000E+00  2.0435300060856121E+00  1.7553082559752746E+00
  2.3000000000000000E+01  4.0000000000000000E+00  9.8571819999999999E+00  0.0000000000000000E+00  2.8070337701141299E+00  3.0759766181854999E+00
  2.3000000000000000E+01  8.0000000000000000E+00  6.4265080000000001E+00  0.0000000000000000E+00 -6.0376483832862826E-01  1.7898247954182360E+00
  2.3000000000000000E+01  1.2000000000000000E+01  0.0000000000000000E+00  1.0000000000000000E+00  0.0000000000000000E+00  0.0000000000000000E+00
  2.3000000000000000E+01  1.3000000000000000E+01  1.9145599000000001E+01  0.0000000000000000E+00  2.5758293064439228E+00  3.1852627234894610E+00
  2.3000000000000000E+01  1.6000000000000000E+01  1.1613823999999999E+01  0.0000000000000000E+00 -1.1053683789812490E+00  1.4219034388302307E+00
  2.3000000000000000E+01  2.4000000000000000E+01  1.0633130000000000E+01  0.0000000000000000E+00  2.9677379253044047E+00  3.0634236850183090E+00
  2.4000000000000000E+01  0.0000000000000000E+00  0.0000000000000000E+00  1.0000000000000000E+00  0.0000000000000000E+00  0.0000000000000000E+00
  2.4000000000000000E+01  1.0000000000000000E+00  9.2371809999999996E+00  0.0000000000000000E+00  2.7801609937817351E-01  2.2303640654933587E-01
  2.4000000000000000E+01  2.0000000000000000E+00  9.8685109999999998E+00  0.0000000000000000E+00  1.6645628596603113E+00  1.7023428351871468E+00
  2.4000000000000000E+01  4.0000000000000000E+00  7.9100010000000003E+00  0.0000000000000000E+00  5.8879321249404593E-01  1.2271459020872180E+00
  2.4000000000000000E+01  8.0000000000000000E+00  5.3062670000000001E+00  0.0000000000000000E+00 -6.4952359608828414E-01  7.1313610013943041E-01
  2.4000000000000000E+01  1.2000000000000000E+01  0.0000000000000000E+00  1.0000000000000000E+00  0.0000000000000000E+00  0.0000000000000000E+00
  2.4000000000000000E+01  1.3000000000000000E+01  1.1954370000000001E+01  0.0000000000000000E+00 -6.8871918602964610E-01  1.3781377162271899E-01
  2.4000000000000000E+01  1.6000000000000000E+01  1.2817861000000001E+01  0.0000000000000000E+00  1.9599639861189817E+00  1.8487902356532142E+00
  2.4000000000000000E+01  2.4000000000000000E+01  6.7238530000000001E+00  0.0000000000000000E+00  7.2900271731886057E-01  1.3984983948599012E+00
  2.5000000000000000E+01  0.0000000000000000E+00  0.0000000000000000E+00  1.0000000000000000E+00  0.0000000000000000E+00  0.0000000000000000E+00
  2.5000000000000000E+01  1.0000000000000000E+00  9.2190610000000000E+00  0.0000000000000000E+00  1.8019434211262858E-01  2.0371204486548364E-01
  2.5000000000000000E+01  2.0000000000000000E+00  8.6649609999999999E+00  0.0000000000000000E+00  5.1722371428680614E-01  5.4825933506171309E-01
  2.5000000000000000E+01  4.0000000000000000E+00  5.6068420000000003E+00  0.0000000000000000E+00 -1.3626273013461201E+00 -1.0463016414393209E+00
  2.5000000000000000E+01  8.0000000000000000E+00  3.9780929999999999E+00  0.0000000000000000E+00  1.2818824811583188E-01 -4.8427001620219068E-01
  2.5000000000000000E+01  1.2000000000000000E+01  0.0000000000000000E+00  1.0000000000000000E+00  0.0000000000000000E+00  0.0000000000000000E+00
  2.5000000000000000E+01  1.3000000000000000E+01  1.1417982000000000E+01  0.0000000000000000E+00  1.7637416469849587E-01 -1.3279880548032968E-01
  2.5000000000000000E+01  1.6000000000000000E+01  7.8205840000000002E+00  0.0000000000000000E+00 -7.0243313877454472E-02 -4.3141209645418543E-01
  2.5000000000000000E+01  2.4000000000000000E+01  2.8912570000000000E+00  0.0000000000000000E+00 -4.2340472245185989E-01 -6.8508795231839781E-01
  2.6000000000000000E+01  0.0000000000000000E+00  0.0000000000000000E+00  1.0000000000000000E+00  0.0000000000000000E+00  0.0000000000000000E+00
  2.6000000000000000E+01  1.0000000000000000E+00  8.3160910000000001E+00  0.0000000000000000E+00 -6.3259217283739133E-01 -6.5738114227978572E-01
  2.6000000000000000E+01  2.0000000000000000E+00  7.4815050000000003E+00  0.0000000000000000E+00 -5.4028572762054361E-01 -6.3237480384625366E-01
  2.6000000000000000E+01  4.0000000000000000E+00  6.0040079999999998E+00  0.0000000000000000E+00 -2.0701262322169478E-01 -6.0407075960848844E-01
  2.6000000000000000E+01  8.0000000000000000E+00  4.6868129999999999E+00  0.0000000000000000E+00  1.1099977416133464E+00  1.8214479300940190E-01
  2.6000000000000000E+01  1.2000000000000000E+01  0.0000000000000000E+00  1.0000000000000000E+00  0.0000000000000000E+00  0.0000000000000000E+00
  2.6000000000000000E+01  1.3000000000000000E+01  1.0629548000000000E+01  0.0000000000000000E+00 -6.2039160251541625E-01 -5.2283666405542417E-01
  2.6000000000000000E+01  1.6000000000000000E+01  8.5677260000000004E+00  0.0000000000000000E+00  1.6619944011295490E-01 -1.1789360959748147E-03
  2.6000000000000000E+01  2.4000000000000000E+01  2.8143479999999998E+00  0.0000000000000000E+00 -1.3346222859586776E+00 -6.7204924750011474E-01
  2.7000000000000000E+01  0.0000000000000000E+00  0.0000000000000000E+00  1.0000000000000000E+00  0.0000000000000000E+00  0.0000000000000000E+00
  2.7000000000000000E+01  1.0000000000000000E+00  9.1865980000000000E+00  0.0000000000000000E+00  1.9294760750915110E-01  1.8142310174579152E-01
  2.7000000000000000E+01  2.0000000000000000E+00  7.5102929999999999E+00  0.0000000000000000E+00 -6.4643141659279846E-01 -5.9697230017657232E-01
  2.7000000000000000E+01  4.0000000000000000E+00  6.7903359999999999E+00  0.0000000000000000E+00  4.1929575307599115E-01  1.7191539326658478E-01
  2.7000000000000000E+01  8.0000000000000000E+00  2.5501909999999999E+00  0.0000000000000000E+00 -2.7477813877403201E+00 -1.5939049057964916E+00
  2.7000000000000000E+01  1.2000000000000000E+01  0.0000000000000000E+00  1.0000000000000000E+00  0.0000000000000000E+00  0.0000000000000000E+00
  2.7000000000000000E+01  1.3000000000000000E+01  9.4746849999999991E+00  0.0000000000000000E+00 -4.6350839364765212E-01 -1.1613545795541445E+00
  2.7000000000000000E+01  1.6000000000000000E+01  5.8771589999999998E+00  0.0000000000000000E+00 -7.3884684861432270E-01 -1.4971240221037903E+00
  2.7000000000000000E+01  2.4000000000000000E+01  2.4408280000000002E+00  0.0000000000000000E+00  8.2918452453186087E-01 -9.0684127492659816E-01
  2.8000000000000000E+01  0.0000000000000000E+00  0.0000000000000000E+00  1.0000000000000000E+00  0.0000000000000000E+00  0.0000000000000000E+00
  2.8000000000000000E+01  1.0000000000000000E+00  9.4825040000000005E+00  0.0000000000000000E+00  3.8397092116499582E-01  4.4468779002016690E-01
  2.8000000000000000E+01  2.0000000000000000E+00  7.0458980000000002E+00  0.0000000000000000E+00 -1.1749867917459571E+00 -1.1237984207778431E+00
  2.8000000000000000E+01  4.0000000000000000E+00  6.6906059999999998E+00  0.0000000000000000E+00  3.9885506556869293E-01  2.9219110946106273E-02
  2.8000000000000000E+01  8.0000000000000000E+00  3.9688930000000000E+00  0.0000000000000000E+00 -4.3026896516549923E-01 -5.0645140637551900E-01
  2.8000000000000000E+01  1.2000000000000000E+01  0.0000000000000000E+00  1.0000000000000000E+00  0.0000000000000000E+00  0.0000000000000000E+00
  2.8000000000000000E+01  1.3000000000000000E+01  8.2116570000000007E+00  0.0000000000000000E+00 -1.8734954513737589E+00 -2.0106447296849743E+00
  2.8000000000000000E+01  1.6000000000000000E+01  8.3282209999999992E+00  0.0000000000000000E+00  5.0010662764297875E-01 -1.7797791295886092E-01
  2.8000000000000000E+01  2.4000000000000000E+01  3.4362979999999999E+00  0.0000000000000000E+00  2.7411011572587196E-01 -3.5464860811451793E-01
  2.9000000000000000E+01  0.0000000000000000E+00  0.0000000000000000E+00  1.0000000000000000E+00  0.0000000000000000E+00  0.0000000000000000E+00
  2.9000000000000000E+01  1.0000000000000000E+00  1.0487237000000000E+01  0.0000000000000000E+00  1.3884501978385033E+00  1.3918854664567566E+00
  2.9000000000000000E+01  2.0000000000000000E+00  7.2867350000000002E+00  0.0000000000000000E+00 -1.1007625850653857E+00 -8.5953836349565194E-01
  2.9000000000000000E+01  4.0000000000000000E+00  7.8016249999999996E+00  0.0000000000000000E+00  1.2508204270164349E+00  1.1118793416906554E+00
  2.9000000000000000E+01  8.0000000000000000E+00  4.0083690000000001E+00  0.0000000000000000E+00 -1.6448536251332162E+00 -4.6907483089665070E-01
  2.9000000000000000E+01  1.2000000000000000E+01  0.0000000000000000E+00  1.0000000000000000E+00  0.0000000000000000E+00  0.0000000000000000E+00
  2.9000000000000000E+01  1.3000000000000000E+01  1.0629500000000000E+01  0.0000000000000000E+00 -7.0148562884106480E-01 -5.5642241736432574E-01
  2.9000000000000000E+01  1.6000000000000000E+01  7.0874269999999999E+00  0.0000000000000000E+00 -1.4466320687293146E+00 -8.4551509258595181E-01
  2.9000000000000000E+01  2.4000000000000000E+01  3.2359429999999998E+00  0.0000000000000000E+00 -3.0416787211906304E-01 -4.7948598399239073E-01
  3.0000000000000000E+01  0.0000000000000000E+00  0.0000000000000000E+00  1.0000000000000000E+00  0.0000000000000000E+00  0.0000000000000000E+00
  3.0000000000000000E+01  1.0000000000000000E+00  8.9057169999999992E+00  0.0000000000000000E+00 -8.0298312947793424E-02 -9.8653685431047702E-02
  3.0000000000000000E+01  2.0000000000000000E+00  8.4413289999999996E+00  0.0000000000000000E+00  3.5578711378781253E-01  3.2154294214206791E-01
  3.0000000000000000E+01  4.0000000000000000E+00  6.0044259999999996E+00  0.0000000000000000E+00 -7.8066423596360357E-01 -6.2960199885772594E-01
  3.0000000000000000E+01  8.0000000000000000E+00  4.2975399999999997E+00  0.0000000000000000E+00  2.9761110190708417E-01 -1.8156263467926811E-01
  3.0000000000000000E+01  1.2000000000000000E+01  0.0000000000000000E+00  1.0000000000000000E+00  0.0000000000000000E+00  0.0000000000000000E+00
  3.0000000000000000E+01  1.3000000000000000E+01  1.4496314999999999E+01  0.0000000000000000E+00  1.8591914930268998E+00  1.2845373687828423E+00
  3.0000000000000000E+01  1.6000000000000000E+01  1.0468081000000000E+01  0.0000000000000000E+00  1.4118300785482296E+00  8.5922553367877275E-01
  3.0000000000000000E+01  2.4000000000000000E+01  4.5086820000000003E+00  0.0000000000000000E+00  2.7576405769006225E-02  2.8662688330900221E-01
