TABLE NO.  1
 ID                TIME              WT                OCC               IPRED             DV                PRED              RES               WRES
  1.0000000000E+00  0.0000000000E+00  7.0000000000E+01  1.0000000000E+00  1.4000000000E+01  1.0000000000E+01  1.4000000000E+01 -4.0000000000E+00 -2.8571428571E+00
  1.0000000000E+00  2.0000000000E+00  7.0000000000E+01  1.0000000000E+00  1.1462230536E+01  1.0000000000E+01  1.1462230536E+01 -1.4622305355E+00 -1.2756945788E+00
  1.0000000000E+00  4.0000000000E+00  7.0000000000E+01  1.0000000000E+00  1.1384480633E+01  0.0000000000E+00  1.1384480633E+01  0.0000000000E+00  0.0000000000E+00
  1.0000000000E+00  6.0000000000E+00  7.0000000000E+01  1.0000000000E+00  9.3208243980E+00  1.0000000000E+01  9.3208243980E+00  6.7917560198E-01  7.2866473284E-01
  1.0000000000E+00  8.0000000000E+00  7.0000000000E+01  2.0000000000E+00  4.2000000000E+01  0.0000000000E+00  4.2000000000E+01  0.0000000000E+00  0.0000000000E+00
  1.0000000000E+00  9.0000000000E+00  7.0000000000E+01  2.0000000000E+00  3.8003171537E+01  1.0000000000E+01  3.8003171537E+01 -2.8003171537E+01 -7.3686406698E+00
  1.0000000000E+00  1.2000000000E+01  7.0000000000E+01  2.0000000000E+00  2.8153441913E+01  1.0000000000E+01  2.8153441913E+01 -1.8153441913E+01 -6.4480364317E+00
  1.0000000000E+00  1.6000000000E+01  7.0000000000E+01  2.0000000000E+00  1.8871816468E+01  1.0000000000E+01  1.8871816468E+01 -8.8718164684E+00 -4.7010930205E+00
