TABLE NO.  1
 ID          TIME        IPRED       DV          PRED        RES         WRES
  1.0000E+00  0.0000E+00  2.0000E+00  0.0000E+00  2.0000E+00  0.0000E+00  0.0000E+00
  1.0000E+00  5.0000E-01  2.2358E+00  0.0000E+00  2.2358E+00 -2.2358E+00 -1.0000E+01
  1.0000E+00  1.0000E+00  2.4097E+00  0.0000E+00  2.4097E+00 -2.4097E+00 -1.0000E+01
  1.0000E+00  2.0000E+00  2.6375E+00  0.0000E+00  2.6375E+00 -2.6375E+00 -1.0000E+01
  1.0000E+00  4.0000E+00  2.8406E+00  0.0000E+00  2.8406E+00 -2.8406E+00 -1.0000E+01
  1.0000E+00  8.0000E+00  2.8987E+00  0.0000E+00  2.8987E+00 -2.8987E+00 -1.0000E+01
  1.0000E+00  1.2000E+01  2.8524E+00  0.0000E+00  2.8524E+00 -2.8524E+00 -1.0000E+01
  1.0000E+00  2.4000E+01  2.7529E+00  0.0000E+00  2.7529E+00 -2.7529E+00 -1.0000E+01
