TABLE NO.  1
 ID              TIME            CMT             DV              EVID            IPRED           CHZ             HAZ             MDV
  1.00000000E+00  0.00000000E+00  1.00000000E+00  0.00000000E+00  1.00000000E+00  0.00000000E+00  0.00000000E+00  1.63880252E-41  1.00000000E+00
  1.00000000E+00  1.20000000E+01  1.00000000E+00  0.00000000E+00  1.00000000E+00  3.34653409E+00  0.00000000E+00  5.28381174E-40  1.00000000E+00
  1.00000000E+00  2.40000000E+01  1.00000000E+00  0.00000000E+00  1.00000000E+00  4.35451134E+00  0.00000000E+00  5.29123296E-39  1.00000000E+00
  1.00000000E+00  3.60000000E+01  1.00000000E+00  0.00000000E+00  1.00000000E+00  4.65810826E+00  0.00000000E+00  3.72573690E-38  1.00000000E+00
  1.00000000E+00  4.80000000E+01  1.00000000E+00  0.00000000E+00  1.00000000E+00  4.74954989E+00  0.00000000E+00  2.35938356E-37  1.00000000E+00
  1.00000000E+00  6.00000000E+01  1.00000000E+00  0.00000000E+00  1.00000000E+00  4.77709158E+00  0.00000000E+00  1.44713557E-36  1.00000000E+00
  1.00000000E+00  7.20000000E+01  1.00000000E+00  0.00000000E+00  1.00000000E+00  4.78538698E+00  0.00000000E+00  8.79104714E-36  1.00000000E+00
  1.00000000E+00  8.40000000E+01  1.00000000E+00  0.00000000E+00  1.00000000E+00  4.78788551E+00  0.00000000E+00  5.32492168E-35  1.00000000E+00
  1.00000000E+00  9.60000000E+01  1.00000000E+00  0.00000000E+00  1.00000000E+00  4.78863805E+00  0.00000000E+00  3.22260224E-34  1.00000000E+00
  1.00000000E+00  1.08000000E+02  1.00000000E+00  0.00000000E+00  1.00000000E+00  4.78886471E+00  0.00000000E+00  1.94978170E-33  1.00000000E+00
  1.00000000E+00  1.20000000E+02  1.00000000E+00  0.00000000E+00  1.00000000E+00  4.78893298E+00  0.00000000E+00  1.17958946E-32  1.00000000E+00
  1.00000000E+00  1.32000000E+02  1.00000000E+00  0.00000000E+00  1.00000000E+00  4.78895354E+00  0.00000000E+00  7.13617374E-32  1.00000000E+00
  1.00000000E+00  1.44000000E+02  1.00000000E+00  0.00000000E+00  1.00000000E+00  4.78895974E+00  0.00000000E+00  4.31714690E-31  1.00000000E+00
  1.00000000E+00  1.56000000E+02  1.00000000E+00  0.00000000E+00  1.00000000E+00  4.78896160E+00  0.00000000E+00  2.61172412E-30  1.00000000E+00
  1.00000000E+00  1.68000000E+02  1.00000000E+00  0.00000000E+00  1.00000000E+00  4.78896216E+00  0.00000000E+00  1.58000146E-29  1.00000000E+00
  1.00000000E+00  1.80000000E+02  1.00000000E+00  0.00000000E+00  1.00000000E+00  4.78896233E+00  0.00000000E+00  9.55845265E-29  1.00000000E+00
  1.00000000E+00  1.92000000E+02  1.00000000E+00  0.00000000E+00  1.00000000E+00  4.78896238E+00  0.00000000E+00  5.78252703E-28  1.00000000E+00
  1.00000000E+00  2.04000000E+02  1.00000000E+00  0.00000000E+00  1.00000000E+00  4.78896240E+00  0.00000000E+00  3.49822503E-27  1.00000000E+00
  1.00000000E+00  2.16000000E+02  1.00000000E+00  0.00000000E+00  1.00000000E+00  4.78896240E+00  0.00000000E+00  2.11630282E-26  1.00000000E+00
  1.00000000E+00  2.28000000E+02  1.00000000E+00  0.00000000E+00  1.00000000E+00  4.78896240E+00  0.00000000E+00  1.28028860E-25  1.00000000E+00
  1.00000000E+00  2.40000000E+02  1.00000000E+00  0.00000000E+00  1.00000000E+00  4.78896240E+00  0.00000000E+00  7.74529469E-25  1.00000000E+00
  1.00000000E+00  2.52000000E+02  1.00000000E+00  0.00000000E+00  1.00000000E+00  4.78896240E+00  0.00000000E+00  4.68563024E-24  1.00000000E+00
  1.00000000E+00  2.64000000E+02  1.00000000E+00  0.00000000E+00  1.00000000E+00  4.78896240E+00  0.00000000E+00  2.83464111E-23  1.00000000E+00
  1.00000000E+00  2.76000000E+02  1.00000000E+00  0.00000000E+00  1.00000000E+00  4.78896240E+00  0.00000000E+00  1.71485794E-22  1.00000000E+00
  1.00000000E+00  2.88000000E+02  1.00000000E+00  0.00000000E+00  1.00000000E+00  4.78896240E+00  0.00000000E+00  1.03742860E-21  1.00000000E+00
  1.00000000E+00  3.00000000E+02  1.00000000E+00  0.00000000E+00  1.00000000E+00  4.78896240E+00  0.00000000E+00  6.27607729E-21  1.00000000E+00
  1.00000000E+00  3.12000000E+02  1.00000000E+00  0.00000000E+00  1.00000000E+00  4.78896240E+00  0.00000000E+00  3.79680551E-20  1.00000000E+00
  1.00000000E+00  3.24000000E+02  1.00000000E+00  0.00000000E+00  1.00000000E+00  4.78896240E+00  0.00000000E+00  2.29693348E-19  1.00000000E+00
  1.00000000E+00  3.36000000E+02  1.00000000E+00  0.00000000E+00  1.00000000E+00  4.78896240E+00  0.00000000E+00  1.38956378E-18  1.00000000E+00
  1.00000000E+00  3.48000000E+02  1.00000000E+00  0.00000000E+00  1.00000000E+00  4.78896240E+00  0.00000000E+00  8.40637100E-18  1.00000000E+00
  1.00000000E+00  3.60000000E+02  1.00000000E+00  0.00000000E+00  1.00000000E+00  4.78896240E+00  0.00000000E+00  5.08555810E-17  1.00000000E+00
  1.00000000E+00  3.72000000E+02  1.00000000E+00  0.00000000E+00  1.00000000E+00  4.78896240E+00  0.00000000E+00  3.07658337E-16  1.00000000E+00
  1.00000000E+00  3.84000000E+02  1.00000000E+00  0.00000000E+00  1.00000000E+00  4.78896240E+00  0.00000000E+00  1.86122448E-15  1.00000000E+00
  1.00000000E+00  3.96000000E+02  1.00000000E+00  0.00000000E+00  1.00000000E+00  4.78896240E+00  0.00000000E+00  1.12597519E-14  1.00000000E+00
  1.00000000E+00  4.08000000E+02  1.00000000E+00  0.00000000E+00  1.00000000E+00  4.78896240E+00  0.00000000E+00  6.81175298E-14  1.00000000E+00
  1.00000000E+00  4.20000000E+02  1.00000000E+00  0.00000000E+00  1.00000000E+00  4.78896240E+00  0.00000000E+00  4.12087041E-13  1.00000000E+00
  1.00000000E+00  4.32000000E+02  1.00000000E+00  0.00000000E+00  1.00000000E+00  4.78896240E+00  0.00000000E+00  2.49298132E-12  1.00000000E+00
  1.00000000E+00  4.44000000E+02  1.00000000E+00  0.00000000E+00  1.00000000E+00  4.78896240E+00  0.00000000E+00  1.50816581E-11  1.00000000E+00
  1.00000000E+00  4.56000000E+02  1.00000000E+00  0.00000000E+00  1.00000000E+00  4.78896240E+00  0.00000000E+00  9.12387149E-11  1.00000000E+00
  1.00000000E+00  4.68000000E+02  1.00000000E+00  0.00000000E+00  1.00000000E+00  4.78896240E+00  0.00000000E+00  5.51962061E-10  1.00000000E+00
  1.00000000E+00  4.80000000E+02  1.00000000E+00  0.00000000E+00  1.00000000E+00  4.78896240E+00  0.00000000E+00  3.33917588E-09  1.00000000E+00
  1.00000000E+00  4.92000000E+02  1.00000000E+00  0.00000000E+00  1.00000000E+00  4.78896240E+00  0.00000000E+00  2.02008369E-08  1.00000000E+00
  1.00000000E+00  5.04000000E+02  1.00000000E+00  0.00000000E+00  1.00000000E+00  4.78896240E+00  0.00000000E+00  1.22207942E-07  1.00000000E+00
  1.00000000E+00  5.16000000E+02  1.00000000E+00  0.00000000E+00  1.00000000E+00  4.78896240E+00  0.00000000E+00  7.39314965E-07  1.00000000E+00
  1.00000000E+00  5.28000000E+02  1.00000000E+00  0.00000000E+00  1.00000000E+00  4.78896240E+00  0.00000000E+00  4.47259490E-06  1.00000000E+00
  1.00000000E+00  5.40000000E+02  1.00000000E+00  0.00000000E+00  1.00000000E+00  4.78896240E+00  0.00000000E+00  2.70576224E-05  1.00000000E+00
  1.00000000E+00  5.52000000E+02  1.00000000E+00  0.00000000E+00  1.00000000E+00  4.78896240E+00  0.00000000E+00  1.63689077E-04  1.00000000E+00
  1.00000000E+00  5.64000000E+02  1.00000000E+00  0.00000000E+00  1.00000000E+00  4.78896240E+00  0.00000000E+00  9.90261208E-04  1.00000000E+00
  1.00000000E+00  5.76000000E+02  1.00000000E+00  0.00000000E+00  1.00000000E+00  4.78896240E+00  0.00000000E+00  5.99073121E-03  1.00000000E+00
  1.00000000E+00  5.88000000E+02  1.00000000E+00  0.00000000E+00  1.00000000E+00  4.78896240E+00  0.00000000E+00  3.62418119E-02  1.00000000E+00
  1.00000000E+00  6.00000000E+02  1.00000000E+00  0.00000000E+00  1.00000000E+00  4.78896241E+00  1.00553791E-13  2.19250185E-01  1.00000000E+00
  1.00000000E+00  6.01000000E+02  2.00000000E+00  5.00000000E+00  0.00000000E+00  1.02994688E+01  1.66704849E+00  4.00567211E+00  0.00000000E+00
  1.00000000E+00  6.04000000E+02  2.00000000E+00  5.00000000E+00  0.00000000E+00  1.04546754E+01  2.48746770E+01  6.78907503E+00  0.00000000E+00
  1.00000000E+00  6.08000000E+02  2.00000000E+00  5.00000000E+00  0.00000000E+00  7.14066685E+00  4.11505197E+01  2.35917132E+00  0.00000000E+00
  1.00000000E+00  6.12000000E+02  3.00000000E+00  1.00000000E+00  0.00000000E+00  4.78896241E+00  4.80540176E+01  1.32638633E+00  0.00000000E+00
