TABLE NO.  1
 ID                      TIME                    EVID                    CWRES                   PRED
  1.0000000000000000E+00  0.0000000000000000E+00  1.0000000000000000E+00  0.0000000000000000E+00  0.0000000000000000E+00
  1.0000000000000000E+00  5.0000000000000000E-01  0.0000000000000000E+00  8.3687617812180359E-01  3.9171164366124200E+00
  1.0000000000000000E+00  1.0000000000000000E+00  0.0000000000000000E+00  1.2487013211130964E-01  6.6091189869179177E+00
  1.0000000000000000E+00  2.0000000000000000E+00  0.0000000000000000E+00  4.4480572371038724E-02  9.6961750480342097E+00
  1.0000000000000000E+00  4.0000000000000000E+00  0.0000000000000000E+00 -1.1906945667822945E-01  1.1641034764313545E+01
  1.0000000000000000E+00  8.0000000000000000E+00  0.0000000000000000E+00  9.2660167577704633E-01  1.1506645304619251E+01
  1.0000000000000000E+00  1.2000000000000000E+01  0.0000000000000000E+00 -1.4431476068612739E+00  1.0776762055998121E+01
  1.0000000000000000E+00  2.4000000000000000E+01  0.0000000000000000E+00 -2.2722574044597130E+00  8.7688057880059826E+00
  1.0000000000000000E+00  4.8000000000000000E+01  0.0000000000000000E+00  1.6610475292309874E+00  5.8032026525854858E+00
  1.0000000000000000E+00  7.2000000000000000E+01  0.0000000000000000E+00  1.7032144766937435E-01  3.8405639766286952E+00
  1.0000000000000000E+00  9.6000000000000000E+01  0.0000000000000000E+00 -1.7507074863159272E-01  2.5416881921237913E+00
  1.0000000000000000E+00  1.2000000000000000E+02  0.0000000000000000E+00 -3.4550274097344402E-01  1.6820911994421057E+00
  2.0000000000000000E+00  0.0000000000000000E+00  1.0000000000000000E+00  0.0000000000000000E+00  0.0000000000000000E+00
  2.0000000000000000E+00  5.0000000000000000E-01  0.0000000000000000E+00 -5.3515215414242734E-01  3.9171164366124200E+00
  2.0000000000000000E+00  1.0000000000000000E+00  0.0000000000000000E+00 -1.1632597364735975E+00  6.6091189869179177E+00
  2.0000000000000000E+00  2.0000000000000000E+00  0.0000000000000000E+00  1.6315868126658023E-01  9.6961750480342097E+00
  2.0000000000000000E+00  4.0000000000000000E+00  0.0000000000000000E+00  8.0425783230624848E-01  1.1641034764313545E+01
  2.0000000000000000E+00  8.0000000000000000E+00  0.0000000000000000E+00  6.4157001819109505E-01  1.1506645304619251E+01
  2.0000000000000000E+00  1.2000000000000000E+01  0.0000000000000000E+00  7.4611759041747572E-01  1.0776762055998121E+01
  2.0000000000000000E+00  2.4000000000000000E+01  0.0000000000000000E+00 -1.3883794747853224E+00  8.7688057880059826E+00
  2.0000000000000000E+00  4.8000000000000000E+01  0.0000000000000000E+00 -1.0478394044079731E-01  5.8032026525854858E+00
  2.0000000000000000E+00  7.2000000000000000E+01  0.0000000000000000E+00  1.4879165286828688E-01  3.8405639766286952E+00
  2.0000000000000000E+00  9.6000000000000000E+01  0.0000000000000000E+00  7.4393979974883351E-01  2.5416881921237913E+00
  2.0000000000000000E+00  1.2000000000000000E+02  0.0000000000000000E+00 -3.2251735399898074E-01  1.6820911994421057E+00
  3.0000000000000000E+00  0.0000000000000000E+00  1.0000000000000000E+00  0.0000000000000000E+00  0.0000000000000000E+00
  3.0000000000000000E+00  5.0000000000000000E-01  0.0000000000000000E+00 -7.9390528847890551E-01  3.9171164366124200E+00
  3.0000000000000000E+00  1.0000000000000000E+00  0.0000000000000000E+00  5.9408932744547220E-02  6.6091189869179177E+00
  3.0000000000000000E+00  2.0000000000000000E+00  0.0000000000000000E+00  1.2227963654113942E+00  9.6961750480342097E+00
  3.0000000000000000E+00  4.0000000000000000E+00  0.0000000000000000E+00 -2.3317281256003625E-01  1.1641034764313545E+01
  3.0000000000000000E+00  8.0000000000000000E+00  0.0000000000000000E+00 -1.3911237194097477E+00  1.1506645304619251E+01
  3.0000000000000000E+00  1.2000000000000000E+01  0.0000000000000000E+00 -1.1383454655459740E-01  1.0776762055998121E+01
  3.0000000000000000E+00  2.4000000000000000E+01  0.0000000000000000E+00 -2.5652491661669813E-01  8.7688057880059826E+00
  3.0000000000000000E+00  4.8000000000000000E+01  0.0000000000000000E+00 -1.1989419221815742E+00  5.8032026525854858E+00
  3.0000000000000000E+00  7.2000000000000000E+01  0.0000000000000000E+00 -2.8734031111917968E-02  3.8405639766286952E+00
  3.0000000000000000E+00  9.6000000000000000E+01  0.0000000000000000E+00  1.2939120216259616E+00  2.5416881921237913E+00
  3.0000000000000000E+00  1.2000000000000000E+02  0.0000000000000000E+00  5.8140991652774776E-01  1.6820911994421057E+00
  4.0000000000000000E+00  0.0000000000000000E+00  1.0000000000000000E+00  0.0000000000000000E+00  0.0000000000000000E+00
  4.0000000000000000E+00  5.0000000000000000E-01  0.0000000000000000E+00 -1.0681363892116247E+00  3.9171164366124200E+00
  4.0000000000000000E+00  1.0000000000000000E+00  0.0000000000000000E+00 -1.0741148479805505E+00  6.6091189869179177E+00
  4.0000000000000000E+00  2.0000000000000000E+00  0.0000000000000000E+00 -4.6385858140143582E-01  9.6961750480342097E+00
  4.0000000000000000E+00  4.0000000000000000E+00  0.0000000000000000E+00  9.7261537230954054E-01  1.1641034764313545E+01
  4.0000000000000000E+00  8.0000000000000000E+00  0.0000000000000000E+00  5.6167258059647751E-01  1.1506645304619251E+01
  4.0000000000000000E+00  1.2000000000000000E+01  0.0000000000000000E+00  1.4268718557642548E+00  1.0776762055998121E+01
  4.0000000000000000E+00  2.4000000000000000E+01  0.0000000000000000E+00  1.1954929372289007E+00  8.7688057880059826E+00
  4.0000000000000000E+00  4.8000000000000000E+01  0.0000000000000000E+00  2.5971121176427925E-01  5.8032026525854858E+00
  4.0000000000000000E+00  7.2000000000000000E+01  0.0000000000000000E+00 -9.5447530508173362E-01  3.8405639766286952E+00
  4.0000000000000000E+00  9.6000000000000000E+01  0.0000000000000000E+00 -1.8114935247931951E-01  2.5416881921237913E+00
  4.0000000000000000E+00  1.2000000000000000E+02  0.0000000000000000E+00 -9.1909165354257638E-02  1.6820911994421057E+00
  5.0000000000000000E+00  0.0000000000000000E+00  1.0000000000000000E+00  0.0000000000000000E+00  0.0000000000000000E+00
  5.0000000000000000E+00  5.0000000000000000E-01  0.0000000000000000E+00 -1.4718437008186303E-01  3.9171164366124200E+00
  5.0000000000000000E+00  1.0000000000000000E+00  0.0000000000000000E+00  2.3184528655428220E+00  6.6091189869179177E+00
  5.0000000000000000E+00  2.0000000000000000E+00  0.0000000000000000E+00 -5.6522094868245210E-01  9.6961750480342097E+00
  5.0000000000000000E+00  4.0000000000000000E+00  0.0000000000000000E+00  1.0281203432305905E+00  1.1641034764313545E+01
  5.0000000000000000E+00  8.0000000000000000E+00  0.0000000000000000E+00  1.2939456081034726E+00  1.1506645304619251E+01
  5.0000000000000000E+00  1.2000000000000000E+01  0.0000000000000000E+00  2.2154871890553546E-01  1.0776762055998121E+01
  5.0000000000000000E+00  2.4000000000000000E+01  0.0000000000000000E+00  3.3045571435509458E-01  8.7688057880059826E+00
  5.0000000000000000E+00  4.8000000000000000E+01  0.0000000000000000E+00 -6.4187189606569106E-02  5.8032026525854858E+00
  5.0000000000000000E+00  7.2000000000000000E+01  0.0000000000000000E+00  1.2293974130240182E+00  3.8405639766286952E+00
  5.0000000000000000E+00  9.6000000000000000E+01  0.0000000000000000E+00  1.6332807033801924E+00  2.5416881921237913E+00
  5.0000000000000000E+00  1.2000000000000000E+02  0.0000000000000000E+00 -4.9875452403826870E-01  1.6820911994421057E+00
  6.0000000000000000E+00  0.0000000000000000E+00  1.0000000000000000E+00  0.0000000000000000E+00  0.0000000000000000E+00
  6.0000000000000000E+00  5.0000000000000000E-01  0.0000000000000000E+00  2.1641849037884113E+00  3.9171164366124200E+00
  6.0000000000000000E+00  1.0000000000000000E+00  0.0000000000000000E+00  2.3028161966617272E-01  6.6091189869179177E+00
  6.0000000000000000E+00  2.0000000000000000E+00  0.0000000000000000E+00 -8.2449105568320769E-01  9.6961750480342097E+00
  6.0000000000000000E+00  4.0000000000000000E+00  0.0000000000000000E+00  5.2056165835616297E-01  1.1641034764313545E+01
  6.0000000000000000E+00  8.0000000000000000E+00  0.0000000000000000E+00 -1.5741556848121787E+00  1.1506645304619251E+01
  6.0000000000000000E+00  1.2000000000000000E+01  0.0000000000000000E+00 -5.5409726375373702E-01  1.0776762055998121E+01
  6.0000000000000000E+00  2.4000000000000000E+01  0.0000000000000000E+00  4.5484429931146586E-01  8.7688057880059826E+00
  6.0000000000000000E+00  4.8000000000000000E+01  0.0000000000000000E+00 -4.0735062703697306E-01  5.8032026525854858E+00
  6.0000000000000000E+00  7.2000000000000000E+01  0.0000000000000000E+00 -3.1499532365246208E-01  3.8405639766286952E+00
  6.0000000000000000E+00  9.6000000000000000E+01  0.0000000000000000E+00 -2.5089103373273991E-01  2.5416881921237913E+00
  6.0000000000000000E+00  1.2000000000000000E+02  0.0000000000000000E+00  1.3282720446990091E+00  1.6820911994421057E+00
  7.0000000000000000E+00  0.0000000000000000E+00  1.0000000000000000E+00  0.0000000000000000E+00  0.0000000000000000E+00
  7.0000000000000000E+00  5.0000000000000000E-01  0.0000000000000000E+00 -4.3716047202066877E-01  3.9171164366124200E+00
  7.0000000000000000E+00  1.0000000000000000E+00  0.0000000000000000E+00 -2.4924948537804675E-01  6.6091189869179177E+00
  7.0000000000000000E+00  2.0000000000000000E+00  0.0000000000000000E+00 -4.8346997854015206E-01  9.6961750480342097E+00
  7.0000000000000000E+00  4.0000000000000000E+00  0.0000000000000000E+00 -1.3095436213477205E+00  1.1641034764313545E+01
  7.0000000000000000E+00  8.0000000000000000E+00  0.0000000000000000E+00  4.0331571377106623E-01  1.1506645304619251E+01
  7.0000000000000000E+00  1.2000000000000000E+01  0.0000000000000000E+00 -9.3719203922749061E-01  1.0776762055998121E+01
  7.0000000000000000E+00  2.4000000000000000E+01  0.0000000000000000E+00 -8.7876407438916004E-01  8.7688057880059826E+00
  7.0000000000000000E+00  4.8000000000000000E+01  0.0000000000000000E+00 -4.9100239023181658E-01  5.8032026525854858E+00
  7.0000000000000000E+00  7.2000000000000000E+01  0.0000000000000000E+00 -1.2666486664240635E+00  3.8405639766286952E+00
  7.0000000000000000E+00  9.6000000000000000E+01  0.0000000000000000E+00 -1.1916603258842793E+00  2.5416881921237913E+00
  7.0000000000000000E+00  1.2000000000000000E+02  0.0000000000000000E+00  6.1422704604494882E-01  1.6820911994421057E+00
  8.0000000000000000E+00  0.0000000000000000E+00  1.0000000000000000E+00  0.0000000000000000E+00  0.0000000000000000E+00
  8.0000000000000000E+00  5.0000000000000000E-01  0.0000000000000000E+00 -1.7064867157740204E+00  3.9171164366124200E+00
  8.0000000000000000E+00  1.0000000000000000E+00  0.0000000000000000E+00  9.2266964415950725E-01  6.6091189869179177E+00
  8.0000000000000000E+00  2.0000000000000000E+00  0.0000000000000000E+00  7.0882731022621204E-01  9.6961750480342097E+00
  8.0000000000000000E+00  4.0000000000000000E+00  0.0000000000000000E+00 -1.7737740792986134E-01  1.1641034764313545E+01
  8.0000000000000000E+00  8.0000000000000000E+00  0.0000000000000000E+00 -1.3750559319232951E+00  1.1506645304619251E+01
  8.0000000000000000E+00  1.2000000000000000E+01  0.0000000000000000E+00  1.6804061177725087E+00  1.0776762055998121E+01
  8.0000000000000000E+00  2.4000000000000000E+01  0.0000000000000000E+00 -1.5721033232330242E+00  8.7688057880059826E+00
  8.0000000000000000E+00  4.8000000000000000E+01  0.0000000000000000E+00 -9.6764001080510020E-01  5.8032026525854858E+00
  8.0000000000000000E+00  7.2000000000000000E+01  0.0000000000000000E+00 -8.3051691712271758E-01  3.8405639766286952E+00
  8.0000000000000000E+00  9.6000000000000000E+01  0.0000000000000000E+00 -2.8710455114326816E-01  2.5416881921237913E+00
  8.0000000000000000E+00  1.2000000000000000E+02  0.0000000000000000E+00 -2.8722773019838854E-01  1.6820911994421057E+00
  9.0000000000000000E+00  0.0000000000000000E+00  1.0000000000000000E+00  0.0000000000000000E+00  0.0000000000000000E+00
  9.0000000000000000E+00  5.0000000000000000E-01  0.0000000000000000E+00  8.3738384906784313E-01  3.9171164366124200E+00
  9.0000000000000000E+00  1.0000000000000000E+00  0.0000000000000000E+00 -1.5902875809097866E-01  6.6091189869179177E+00
  9.0000000000000000E+00  2.0000000000000000E+00  0.0000000000000000E+00  2.9555891614958829E-01  9.6961750480342097E+00
  9.0000000000000000E+00  4.0000000000000000E+00  0.0000000000000000E+00 -2.1680868565188289E+00  1.1641034764313545E+01
  9.0000000000000000E+00  8.0000000000000000E+00  0.0000000000000000E+00  1.0042036687593134E+00  1.1506645304619251E+01
  9.0000000000000000E+00  1.2000000000000000E+01  0.0000000000000000E+00 -1.6166921324791810E+00  1.0776762055998121E+01
  9.0000000000000000E+00  2.4000000000000000E+01  0.0000000000000000E+00  1.3427237494481499E+00  8.7688057880059826E+00
  9.0000000000000000E+00  4.8000000000000000E+01  0.0000000000000000E+00  1.4013899670651186E+00  5.8032026525854858E+00
  9.0000000000000000E+00  7.2000000000000000E+01  0.0000000000000000E+00 -1.6889192130601796E+00  3.8405639766286952E+00
  9.0000000000000000E+00  9.6000000000000000E+01  0.0000000000000000E+00  2.4622662143480056E+00  2.5416881921237913E+00
  9.0000000000000000E+00  1.2000000000000000E+02  0.0000000000000000E+00  5.1458726536146315E-01  1.6820911994421057E+00
  1.0000000000000000E+01  0.0000000000000000E+00  1.0000000000000000E+00  0.0000000000000000E+00  0.0000000000000000E+00
  1.0000000000000000E+01  5.0000000000000000E-01  0.0000000000000000E+00  3.2459013652010710E-01  3.9171164366124200E+00
  1.0000000000000000E+01  1.0000000000000000E+00  0.0000000000000000E+00  3.0414359812511754E-02  6.6091189869179177E+00
  1.0000000000000000E+01  2.0000000000000000E+00  0.0000000000000000E+00 -8.2807961636439675E-01  9.6961750480342097E+00
  1.0000000000000000E+01  4.0000000000000000E+00  0.0000000000000000E+00 -7.1394711060838711E-01  1.1641034764313545E+01
  1.0000000000000000E+01  8.0000000000000000E+00  0.0000000000000000E+00 -4.1251177475139550E-01  1.1506645304619251E+01
  1.0000000000000000E+01  1.2000000000000000E+01  0.0000000000000000E+00  1.5497518073664998E+00  1.0776762055998121E+01
  1.0000000000000000E+01  2.4000000000000000E+01  0.0000000000000000E+00 -1.2539032477411614E+00  8.7688057880059826E+00
  1.0000000000000000E+01  4.8000000000000000E+01  0.0000000000000000E+00  1.8805230437338838E-01  5.8032026525854858E+00
  1.0000000000000000E+01  7.2000000000000000E+01  0.0000000000000000E+00 -9.4075498120924106E-01  3.8405639766286952E+00
  1.0000000000000000E+01  9.6000000000000000E+01  0.0000000000000000E+00  1.7891271851852979E+00  2.5416881921237913E+00
  1.0000000000000000E+01  1.2000000000000000E+02  0.0000000000000000E+00  2.1306296777425082E-01  1.6820911994421057E+00
